workload_id,policy,task_id,client_profile,required_width,placement_id,placement_label,pair_id,variant,decision_mode,risk_class,group_width,arrival_s,queue_wait_s,task_latency_s,success,challenge,verification_risk,false_dispute_risk,material_tpr_min,feasible_under_alpha_beta,verifier_workload_ms,completion_utility
single_task,random,eval_001,LAN,3,lan_single_homo_scalar16,LAN single-node homo scalar16,single_homo,scalar16,random,low-risk,1,0.0,0.0,0.85583,1,0,0.0,0.0,1.0,1,2.634826,1.0
single_task,random,eval_002,LAN,3,lan_single_homo_scalar16,LAN single-node homo scalar16,single_homo,scalar16,random,low-risk,1,5.0,0.0,0.85751,0,0,0.0,0.0,1.0,1,2.634826,0.0
single_task,random,eval_003,LAN,3,lan_single_homo_projcos4,LAN single-node homo projcos4,single_homo,projcos4,random,low-risk,1,10.0,0.0,0.85583,1,0,0.0,0.0,1.0,1,2.724163,1.0
single_task,random,eval_004,LAN,3,lan_single_homo_scalar16,LAN single-node homo scalar16,single_homo,scalar16,random,low-risk,1,15.0,0.0,0.85583,0,0,0.0,0.0,1.0,1,2.634826,0.0
single_task,random,eval_005,LAN,3,lan_single_homo_projcos4,LAN single-node homo projcos4,single_homo,projcos4,random,low-risk,1,20.0,0.0,0.85667,1,0,0.0,0.0,1.0,1,2.724163,1.0
single_task,random,eval_006,LAN,2,lan_single_homo_projcos4,LAN single-node homo projcos4,single_homo,projcos4,random,low-risk,1,25.0,0.0,0.85331,1,0,0.0,0.0,1.0,1,2.724163,1.0
single_task,random,eval_007,LAN,3,lan_single_homo_scalar16,LAN single-node homo scalar16,single_homo,scalar16,random,low-risk,1,30.0,0.0,0.87347,0,0,0.0,0.0,1.0,1,2.634826,0.0
single_task,random,eval_008,LAN,3,lan_ab_projcos4,LAN A/B projcos4,t4strict_pair_a_vs_b_40_200,projcos4,random,low-risk,3,35.0,0.0,1.07407,1,0,0.02,0.02,0.995,1,2.852113,0.998
single_task,random,eval_009,LAN,3,lan_ab_projcos4,LAN A/B projcos4,t4strict_pair_a_vs_b_40_200,projcos4,random,low-risk,3,40.0,0.0,1.07213,1,0,0.02,0.02,0.995,1,2.852113,0.998
single_task,random,eval_010,LAN,3,lan_ab_projcos4,LAN A/B projcos4,t4strict_pair_a_vs_b_40_200,projcos4,random,low-risk,3,45.0,0.0,1.05564,1,0,0.02,0.02,0.995,1,2.852113,0.998
single_task,random,eval_011,LAN,1,lan_ab_scalar16,LAN A/B scalar16,t4strict_pair_a_vs_b_40_200,scalar16,random,unverifiable,3,50.0,0.0,1.03721,1,1,0.15,0.15,0.195,0,5.796454,0.835
single_task,random,eval_012,LAN,1,lan_single_homo_scalar16,LAN single-node homo scalar16,single_homo,scalar16,random,low-risk,1,55.0,0.0,0.84155,1,0,0.0,0.0,1.0,1,2.634826,1.0
single_task,random,eval_013,LAN,1,lan_single_homo_projcos4,LAN single-node homo projcos4,single_homo,projcos4,random,low-risk,1,60.0,0.0,0.83987,1,0,0.0,0.0,1.0,1,2.724163,1.0
single_task,random,eval_014,LAN,1,lan_single_homo_scalar16,LAN single-node homo scalar16,single_homo,scalar16,random,low-risk,1,65.0,0.0,0.83987,1,0,0.0,0.0,1.0,1,2.634826,1.0
single_task,random,eval_015,LAN,1,lan_ab_scalar16,LAN A/B scalar16,t4strict_pair_a_vs_b_40_200,scalar16,random,unverifiable,3,70.0,0.0,1.03818,1,0,0.15,0.15,0.195,0,2.340788,0.985
single_task,random,eval_016,LAN,1,lan_single_homo_projcos4,LAN single-node homo projcos4,single_homo,projcos4,random,low-risk,1,75.0,0.0,0.83735,1,0,0.0,0.0,1.0,1,2.724163,1.0
single_task,random,eval_017,LAN,3,lan_single_homo_scalar16,LAN single-node homo scalar16,single_homo,scalar16,random,low-risk,1,80.0,0.0,0.85751,0,0,0.0,0.0,1.0,1,2.634826,0.0
single_task,random,eval_018,LAN,3,lan_ab_scalar16,LAN A/B scalar16,t4strict_pair_a_vs_b_40_200,scalar16,random,unverifiable,3,85.0,0.0,1.05564,1,1,0.15,0.15,0.195,0,5.796454,0.835
single_task,random,eval_019,LAN,2,lan_ab_projcos4,LAN A/B projcos4,t4strict_pair_a_vs_b_40_200,projcos4,random,low-risk,3,90.0,0.0,1.0537,1,0,0.02,0.02,0.995,1,2.852113,0.998
single_task,random,eval_020,LAN,1,lan_ab_projcos4,LAN A/B projcos4,t4strict_pair_a_vs_b_40_200,projcos4,random,low-risk,3,95.0,0.0,1.03721,1,0,0.02,0.02,0.995,1,2.852113,0.998
single_task,random,eval_021,LAN,1,lan_ab_projcos4,LAN A/B projcos4,t4strict_pair_a_vs_b_40_200,projcos4,random,low-risk,3,100.0,0.0,1.02848,1,0,0.02,0.02,0.995,1,2.852113,0.998
single_task,random,eval_022,LAN,1,lan_single_homo_projcos4,LAN single-node homo projcos4,single_homo,projcos4,random,low-risk,1,105.0,0.0,0.83399,1,0,0.0,0.0,1.0,1,2.724163,1.0
single_task,random,eval_023,LAN,1,lan_ab_projcos4,LAN A/B projcos4,t4strict_pair_a_vs_b_40_200,projcos4,random,low-risk,3,110.0,0.0,1.02848,1,0,0.02,0.02,0.995,1,2.852113,0.998
single_task,random,eval_024,LAN,1,lan_ab_projcos4,LAN A/B projcos4,t4strict_pair_a_vs_b_40_200,projcos4,random,low-risk,3,115.0,0.0,1.02848,1,0,0.02,0.02,0.995,1,2.852113,0.998
single_task,random,eval_025,LAN,1,lan_single_homo_scalar16,LAN single-node homo scalar16,single_homo,scalar16,random,low-risk,1,120.0,0.0,0.83315,1,0,0.0,0.0,1.0,1,2.634826,1.0
single_task,random,eval_026,LAN,1,lan_single_homo_scalar16,LAN single-node homo scalar16,single_homo,scalar16,random,low-risk,1,125.0,0.0,0.82979,1,0,0.0,0.0,1.0,1,2.634826,1.0
single_task,random,eval_027,LAN,2,lan_single_homo_projcos4,LAN single-node homo projcos4,single_homo,projcos4,random,low-risk,1,130.0,0.0,0.84995,1,0,0.0,0.0,1.0,1,2.724163,1.0
single_task,random,eval_028,LAN,2,lan_single_homo_scalar16,LAN single-node homo scalar16,single_homo,scalar16,random,low-risk,1,135.0,0.0,0.84827,1,0,0.0,0.0,1.0,1,2.634826,1.0
single_task,random,eval_029,LAN,2,lan_single_homo_scalar16,LAN single-node homo scalar16,single_homo,scalar16,random,low-risk,1,140.0,0.0,0.84659,0,0,0.0,0.0,1.0,1,2.634826,0.0
single_task,random,eval_030,LAN,1,lan_ab_scalar16,LAN A/B scalar16,t4strict_pair_a_vs_b_40_200,scalar16,random,unverifiable,3,145.0,0.0,1.02848,1,1,0.15,0.15,0.195,0,5.796454,0.835
single_task,random,eval_031,LAN,2,lan_single_homo_projcos4,LAN single-node homo projcos4,single_homo,projcos4,random,low-risk,1,150.0,0.0,0.84743,1,0,0.0,0.0,1.0,1,2.724163,1.0
single_task,random,eval_032,LAN,2,lan_single_homo_scalar16,LAN single-node homo scalar16,single_homo,scalar16,random,low-risk,1,155.0,0.0,0.84911,0,0,0.0,0.0,1.0,1,2.634826,0.0
single_task,random,eval_033,LAN,2,lan_ab_projcos4,LAN A/B projcos4,t4strict_pair_a_vs_b_40_200,projcos4,random,low-risk,3,160.0,0.0,1.04594,1,0,0.02,0.02,0.995,1,2.852113,0.998
single_task,random,eval_034,LAN,2,lan_ab_projcos4,LAN A/B projcos4,t4strict_pair_a_vs_b_40_200,projcos4,random,low-risk,3,165.0,0.0,1.04594,1,0,0.02,0.02,0.995,1,2.852113,0.998
single_task,random,eval_035,LAN,2,lan_single_homo_projcos4,LAN single-node homo projcos4,single_homo,projcos4,random,low-risk,1,170.0,0.0,0.84827,1,0,0.0,0.0,1.0,1,2.724163,1.0
single_task,random,eval_036,LAN,2,lan_ab_scalar16,LAN A/B scalar16,t4strict_pair_a_vs_b_40_200,scalar16,random,unverifiable,3,175.0,0.0,1.04303,1,1,0.15,0.15,0.195,0,5.796454,0.835
single_task,random,eval_037,LAN,3,lan_single_homo_scalar16,LAN single-node homo scalar16,single_homo,scalar16,random,low-risk,1,180.0,0.0,0.86507,0,0,0.0,0.0,1.0,1,2.634826,0.0
single_task,random,eval_038,LAN,3,lan_ab_projcos4,LAN A/B projcos4,t4strict_pair_a_vs_b_40_200,projcos4,random,low-risk,3,185.0,0.0,1.06437,1,0,0.02,0.02,0.995,1,2.852113,0.998
single_task,random,eval_039,LAN,3,lan_single_homo_scalar16,LAN single-node homo scalar16,single_homo,scalar16,random,low-risk,1,190.0,0.0,0.86171,1,0,0.0,0.0,1.0,1,2.634826,1.0
single_task,random,eval_040,LAN,2,lan_single_homo_scalar16,LAN single-node homo scalar16,single_homo,scalar16,random,low-risk,1,195.0,0.0,0.84743,1,0,0.0,0.0,1.0,1,2.634826,1.0
single_task,random,eval_041,LAN,2,lan_ab_projcos4,LAN A/B projcos4,t4strict_pair_a_vs_b_40_200,projcos4,random,low-risk,3,200.0,0.0,1.04594,1,0,0.02,0.02,0.995,1,2.852113,0.998
single_task,random,eval_042,LAN,2,lan_single_homo_projcos4,LAN single-node homo projcos4,single_homo,projcos4,random,low-risk,1,205.0,0.0,0.84911,1,0,0.0,0.0,1.0,1,2.724163,1.0
single_task,random,eval_043,LAN,2,lan_single_homo_projcos4,LAN single-node homo projcos4,single_homo,projcos4,random,low-risk,1,210.0,0.0,0.84743,0,0,0.0,0.0,1.0,1,2.724163,0.0
single_task,random,eval_044,LAN,2,lan_ab_scalar16,LAN A/B scalar16,t4strict_pair_a_vs_b_40_200,scalar16,random,unverifiable,3,215.0,0.0,1.04594,1,1,0.15,0.15,0.195,0,5.796454,0.835
single_task,random,eval_045,LAN,2,lan_single_homo_projcos4,LAN single-node homo projcos4,single_homo,projcos4,random,low-risk,1,220.0,0.0,0.84827,1,0,0.0,0.0,1.0,1,2.724163,1.0
single_task,random,eval_046,LAN,2,lan_single_homo_projcos4,LAN single-node homo projcos4,single_homo,projcos4,random,low-risk,1,225.0,0.0,0.84491,1,0,0.0,0.0,1.0,1,2.724163,1.0
single_task,random,eval_047,LAN,3,lan_single_homo_scalar16,LAN single-node homo scalar16,single_homo,scalar16,random,low-risk,1,230.0,0.0,0.86507,0,0,0.0,0.0,1.0,1,2.634826,0.0
single_task,random,eval_048,LAN,3,lan_ab_projcos4,LAN A/B projcos4,t4strict_pair_a_vs_b_40_200,projcos4,random,low-risk,3,235.0,0.0,1.06437,1,0,0.02,0.02,0.995,1,2.852113,0.998
single_task,random,eval_049,LAN,3,lan_single_homo_projcos4,LAN single-node homo projcos4,single_homo,projcos4,random,low-risk,1,240.0,0.0,0.86171,1,0,0.0,0.0,1.0,1,2.724163,1.0
single_task,random,eval_050,LAN,2,lan_single_homo_projcos4,LAN single-node homo projcos4,single_homo,projcos4,random,low-risk,1,245.0,0.0,0.84743,1,0,0.0,0.0,1.0,1,2.724163,1.0
single_task,random,eval_051,LAN,3,lan_ab_projcos4,LAN A/B projcos4,t4strict_pair_a_vs_b_40_200,projcos4,random,low-risk,3,250.0,0.0,1.05661,1,0,0.02,0.02,0.995,1,2.852113,0.998
single_task,random,eval_052,LAN,3,lan_ab_scalar16,LAN A/B scalar16,t4strict_pair_a_vs_b_40_200,scalar16,random,unverifiable,3,255.0,0.0,1.05855,1,0,0.15,0.15,0.195,0,2.340788,0.985
single_task,random,eval_053,LAN,3,lan_single_homo_projcos4,LAN single-node homo projcos4,single_homo,projcos4,random,low-risk,1,260.0,0.0,0.85667,1,0,0.0,0.0,1.0,1,2.724163,1.0
single_task,random,eval_054,LAN,3,lan_ab_scalar16,LAN A/B scalar16,t4strict_pair_a_vs_b_40_200,scalar16,random,unverifiable,3,265.0,0.0,1.05661,1,0,0.15,0.15,0.195,0,2.340788,0.985
single_task,random,eval_055,LAN,3,lan_ab_projcos4,LAN A/B projcos4,t4strict_pair_a_vs_b_40_200,projcos4,random,low-risk,3,270.0,0.0,1.05758,1,0,0.02,0.02,0.995,1,2.852113,0.998
single_task,random,eval_056,LAN,2,lan_single_homo_projcos4,LAN single-node homo projcos4,single_homo,projcos4,random,low-risk,1,275.0,0.0,0.85415,1,0,0.0,0.0,1.0,1,2.724163,1.0
single_task,random,eval_057,LAN,3,lan_single_homo_projcos4,LAN single-node homo projcos4,single_homo,projcos4,random,low-risk,1,280.0,0.0,0.87431,1,0,0.0,0.0,1.0,1,2.724163,1.0
single_task,random,eval_058,LAN,3,lan_single_homo_projcos4,LAN single-node homo projcos4,single_homo,projcos4,random,low-risk,1,285.0,0.0,0.87263,1,0,0.0,0.0,1.0,1,2.724163,1.0
single_task,random,eval_059,LAN,3,lan_ab_projcos4,LAN A/B projcos4,t4strict_pair_a_vs_b_40_200,projcos4,random,low-risk,3,290.0,0.0,1.0731,1,0,0.02,0.02,0.995,1,2.852113,0.998
single_task,random,eval_060,LAN,3,lan_single_homo_scalar16,LAN single-node homo scalar16,single_homo,scalar16,random,low-risk,1,295.0,0.0,0.85667,1,0,0.0,0.0,1.0,1,2.634826,1.0
single_task,random,eval_061,LAN,1,lan_single_homo_projcos4,LAN single-node homo projcos4,single_homo,projcos4,random,low-risk,1,300.0,0.0,0.83231,1,0,0.0,0.0,1.0,1,2.724163,1.0
single_task,random,eval_062,LAN,1,lan_single_homo_scalar16,LAN single-node homo scalar16,single_homo,scalar16,random,low-risk,1,305.0,0.0,0.83399,1,0,0.0,0.0,1.0,1,2.634826,1.0
single_task,random,eval_063,LAN,1,lan_single_homo_scalar16,LAN single-node homo scalar16,single_homo,scalar16,random,low-risk,1,310.0,0.0,0.83231,1,0,0.0,0.0,1.0,1,2.634826,1.0
single_task,random,eval_064,LAN,1,lan_single_homo_projcos4,LAN single-node homo projcos4,single_homo,projcos4,random,low-risk,1,315.0,0.0,0.83231,1,0,0.0,0.0,1.0,1,2.724163,1.0
single_task,random,eval_065,LAN,1,lan_ab_scalar16,LAN A/B scalar16,t4strict_pair_a_vs_b_40_200,scalar16,random,unverifiable,3,320.0,0.0,1.02945,1,0,0.15,0.15,0.195,0,2.340788,0.985
single_task,random,eval_066,LAN,1,lan_ab_projcos4,LAN A/B projcos4,t4strict_pair_a_vs_b_40_200,projcos4,random,low-risk,3,325.0,0.0,1.02557,1,0,0.02,0.02,0.995,1,2.852113,0.998
single_task,random,eval_067,LAN,2,lan_ab_scalar16,LAN A/B scalar16,t4strict_pair_a_vs_b_40_200,scalar16,random,unverifiable,3,330.0,0.0,1.04885,1,0,0.15,0.15,0.195,0,2.340788,0.985
single_task,random,eval_068,LAN,2,lan_single_homo_projcos4,LAN single-node homo projcos4,single_homo,projcos4,random,low-risk,1,335.0,0.0,0.84827,0,0,0.0,0.0,1.0,1,2.724163,0.0
single_task,random,eval_069,LAN,2,lan_ab_projcos4,LAN A/B projcos4,t4strict_pair_a_vs_b_40_200,projcos4,random,low-risk,3,340.0,0.0,1.04497,1,0,0.02,0.02,0.995,1,2.852113,0.998
single_task,random,eval_070,LAN,1,lan_ab_projcos4,LAN A/B projcos4,t4strict_pair_a_vs_b_40_200,projcos4,random,low-risk,3,345.0,0.0,1.02848,1,0,0.02,0.02,0.995,1,2.852113,0.998
single_task,random,eval_071,LAN,1,lan_single_homo_projcos4,LAN single-node homo projcos4,single_homo,projcos4,random,low-risk,1,350.0,0.0,0.83315,1,0,0.0,0.0,1.0,1,2.724163,1.0
single_task,random,eval_072,LAN,1,lan_single_homo_scalar16,LAN single-node homo scalar16,single_homo,scalar16,random,low-risk,1,355.0,0.0,0.83483,1,0,0.0,0.0,1.0,1,2.634826,1.0
single_task,random,eval_073,LAN,1,lan_ab_projcos4,LAN A/B projcos4,t4strict_pair_a_vs_b_40_200,projcos4,random,low-risk,3,360.0,0.0,1.02945,1,0,0.02,0.02,0.995,1,2.852113,0.998
single_task,random,eval_074,LAN,1,lan_single_homo_projcos4,LAN single-node homo projcos4,single_homo,projcos4,random,low-risk,1,365.0,0.0,0.83315,1,0,0.0,0.0,1.0,1,2.724163,1.0
single_task,random,eval_075,LAN,1,lan_single_homo_projcos4,LAN single-node homo projcos4,single_homo,projcos4,random,low-risk,1,370.0,0.0,0.83399,1,0,0.0,0.0,1.0,1,2.724163,1.0
single_task,random,eval_076,LAN,1,lan_ab_projcos4,LAN A/B projcos4,t4strict_pair_a_vs_b_40_200,projcos4,random,low-risk,3,375.0,0.0,1.02654,1,0,0.02,0.02,0.995,1,2.852113,0.998
single_task,random,eval_077,LAN,2,lan_single_homo_scalar16,LAN single-node homo scalar16,single_homo,scalar16,random,low-risk,1,380.0,0.0,0.85079,1,0,0.0,0.0,1.0,1,2.634826,1.0
single_task,random,eval_078,LAN,2,lan_single_homo_scalar16,LAN single-node homo scalar16,single_homo,scalar16,random,low-risk,1,385.0,0.0,0.84911,1,0,0.0,0.0,1.0,1,2.634826,1.0
single_task,random,eval_079,LAN,2,lan_single_homo_projcos4,LAN single-node homo projcos4,single_homo,projcos4,random,low-risk,1,390.0,0.0,0.84743,1,0,0.0,0.0,1.0,1,2.724163,1.0
single_task,random,eval_080,LAN,1,lan_single_homo_projcos4,LAN single-node homo projcos4,single_homo,projcos4,random,low-risk,1,395.0,0.0,0.83315,1,0,0.0,0.0,1.0,1,2.724163,1.0
single_task,random,eval_081,LAN,1,lan_single_homo_projcos4,LAN single-node homo projcos4,single_homo,projcos4,random,low-risk,1,400.0,0.0,0.83987,1,0,0.0,0.0,1.0,1,2.724163,1.0
single_task,random,eval_082,LAN,1,lan_ab_scalar16,LAN A/B scalar16,t4strict_pair_a_vs_b_40_200,scalar16,random,unverifiable,3,405.0,0.0,1.03915,1,0,0.15,0.15,0.195,0,2.340788,0.985
single_task,random,eval_083,LAN,1,lan_single_homo_projcos4,LAN single-node homo projcos4,single_homo,projcos4,random,low-risk,1,410.0,0.0,0.83987,1,0,0.0,0.0,1.0,1,2.724163,1.0
single_task,random,eval_084,LAN,1,lan_ab_scalar16,LAN A/B scalar16,t4strict_pair_a_vs_b_40_200,scalar16,random,unverifiable,3,415.0,0.0,1.03721,1,1,0.15,0.15,0.195,0,5.796454,0.835
single_task,random,eval_085,LAN,1,lan_single_homo_projcos4,LAN single-node homo projcos4,single_homo,projcos4,random,low-risk,1,420.0,0.0,0.84071,1,0,0.0,0.0,1.0,1,2.724163,1.0
single_task,random,eval_086,LAN,1,lan_ab_projcos4,LAN A/B projcos4,t4strict_pair_a_vs_b_40_200,projcos4,random,low-risk,3,425.0,0.0,1.0343,1,0,0.02,0.02,0.995,1,2.852113,0.998
single_task,random,eval_087,LAN,3,lan_ab_scalar16,LAN A/B scalar16,t4strict_pair_a_vs_b_40_200,scalar16,random,unverifiable,3,430.0,0.0,1.05758,1,0,0.15,0.15,0.195,0,2.340788,0.985
single_task,random,eval_088,LAN,3,lan_ab_projcos4,LAN A/B projcos4,t4strict_pair_a_vs_b_40_200,projcos4,random,low-risk,3,435.0,0.0,1.05564,1,0,0.02,0.02,0.995,1,2.852113,0.998
single_task,random,eval_089,LAN,2,lan_single_homo_scalar16,LAN single-node homo scalar16,single_homo,scalar16,random,low-risk,1,440.0,0.0,0.85415,1,0,0.0,0.0,1.0,1,2.634826,1.0
single_task,random,eval_090,LAN,1,lan_ab_projcos4,LAN A/B projcos4,t4strict_pair_a_vs_b_40_200,projcos4,random,low-risk,3,445.0,0.0,1.03721,1,0,0.02,0.02,0.995,1,2.852113,0.998
single_task,random,eval_091,LAN,1,lan_ab_projcos4,LAN A/B projcos4,t4strict_pair_a_vs_b_40_200,projcos4,random,low-risk,3,450.0,0.0,1.03915,1,0,0.02,0.02,0.995,1,2.852113,0.998
single_task,random,eval_092,LAN,2,lan_single_homo_scalar16,LAN single-node homo scalar16,single_homo,scalar16,random,low-risk,1,455.0,0.0,0.84323,1,0,0.0,0.0,1.0,1,2.634826,1.0
single_task,random,eval_093,LAN,1,lan_ab_scalar16,LAN A/B scalar16,t4strict_pair_a_vs_b_40_200,scalar16,random,unverifiable,3,460.0,0.0,1.03915,1,0,0.15,0.15,0.195,0,2.340788,0.985
single_task,random,eval_094,LAN,1,lan_single_homo_projcos4,LAN single-node homo projcos4,single_homo,projcos4,random,low-risk,1,465.0,0.0,0.84155,1,0,0.0,0.0,1.0,1,2.724163,1.0
single_task,random,eval_095,LAN,2,lan_ab_scalar16,LAN A/B scalar16,t4strict_pair_a_vs_b_40_200,scalar16,random,unverifiable,3,470.0,0.0,1.04012,1,0,0.15,0.15,0.195,0,2.340788,0.985
single_task,random,eval_096,LAN,1,lan_ab_scalar16,LAN A/B scalar16,t4strict_pair_a_vs_b_40_200,scalar16,random,unverifiable,3,475.0,0.0,1.03624,1,0,0.15,0.15,0.195,0,2.340788,0.985
single_task,random,eval_097,LAN,3,lan_ab_projcos4,LAN A/B projcos4,t4strict_pair_a_vs_b_40_200,projcos4,random,low-risk,3,480.0,0.0,1.05952,1,0,0.02,0.02,0.995,1,2.852113,0.998
single_task,random,eval_098,LAN,3,lan_ab_scalar16,LAN A/B scalar16,t4strict_pair_a_vs_b_40_200,scalar16,random,unverifiable,3,485.0,0.0,1.05758,1,0,0.15,0.15,0.195,0,2.340788,0.985
single_task,random,eval_099,LAN,3,lan_single_homo_scalar16,LAN single-node homo scalar16,single_homo,scalar16,random,low-risk,1,490.0,0.0,0.85583,1,0,0.0,0.0,1.0,1,2.634826,1.0
single_task,random,eval_100,LAN,1,lan_single_homo_scalar16,LAN single-node homo scalar16,single_homo,scalar16,random,low-risk,1,495.0,0.0,0.84155,1,0,0.0,0.0,1.0,1,2.634826,1.0
single_task,random,eval_101,LAN,1,lan_single_homo_projcos4,LAN single-node homo projcos4,single_homo,projcos4,random,low-risk,1,500.0,0.0,0.83399,1,0,0.0,0.0,1.0,1,2.724163,1.0
single_task,random,eval_102,LAN,1,lan_single_homo_projcos4,LAN single-node homo projcos4,single_homo,projcos4,random,low-risk,1,505.0,0.0,0.83567,1,0,0.0,0.0,1.0,1,2.724163,1.0
single_task,random,eval_103,LAN,1,lan_ab_scalar16,LAN A/B scalar16,t4strict_pair_a_vs_b_40_200,scalar16,random,unverifiable,3,510.0,0.0,1.03042,1,0,0.15,0.15,0.195,0,2.340788,0.985
single_task,random,eval_104,LAN,1,lan_single_homo_scalar16,LAN single-node homo scalar16,single_homo,scalar16,random,low-risk,1,515.0,0.0,0.83399,1,0,0.0,0.0,1.0,1,2.634826,1.0
single_task,random,eval_105,LAN,1,lan_single_homo_scalar16,LAN single-node homo scalar16,single_homo,scalar16,random,low-risk,1,520.0,0.0,0.83483,1,0,0.0,0.0,1.0,1,2.634826,1.0
single_task,random,eval_106,LAN,1,lan_single_homo_projcos4,LAN single-node homo projcos4,single_homo,projcos4,random,low-risk,1,525.0,0.0,0.83147,1,0,0.0,0.0,1.0,1,2.724163,1.0
single_task,random,eval_107,LAN,2,lan_ab_projcos4,LAN A/B projcos4,t4strict_pair_a_vs_b_40_200,projcos4,random,low-risk,3,530.0,0.0,1.05079,1,0,0.02,0.02,0.995,1,2.852113,0.998
single_task,random,eval_108,LAN,2,lan_ab_projcos4,LAN A/B projcos4,t4strict_pair_a_vs_b_40_200,projcos4,random,low-risk,3,535.0,0.0,1.04885,1,0,0.02,0.02,0.995,1,2.852113,0.998
single_task,random,eval_109,LAN,2,lan_ab_scalar16,LAN A/B scalar16,t4strict_pair_a_vs_b_40_200,scalar16,random,unverifiable,3,540.0,0.0,1.04691,1,0,0.15,0.15,0.195,0,2.340788,0.985
single_task,random,eval_110,LAN,1,lan_ab_projcos4,LAN A/B projcos4,t4strict_pair_a_vs_b_40_200,projcos4,random,low-risk,3,545.0,0.0,1.03042,1,0,0.02,0.02,0.995,1,2.852113,0.998
single_task,random,eval_111,LAN,1,lan_single_homo_projcos4,LAN single-node homo projcos4,single_homo,projcos4,random,low-risk,1,550.0,0.0,0.83483,1,0,0.0,0.0,1.0,1,2.724163,1.0
single_task,random,eval_112,LAN,1,lan_ab_scalar16,LAN A/B scalar16,t4strict_pair_a_vs_b_40_200,scalar16,random,unverifiable,3,555.0,0.0,1.03333,1,0,0.15,0.15,0.195,0,2.340788,0.985
single_task,random,eval_113,LAN,1,lan_single_homo_projcos4,LAN single-node homo projcos4,single_homo,projcos4,random,low-risk,1,560.0,0.0,0.83483,1,0,0.0,0.0,1.0,1,2.724163,1.0
single_task,random,eval_114,LAN,1,lan_single_homo_scalar16,LAN single-node homo scalar16,single_homo,scalar16,random,low-risk,1,565.0,0.0,0.83483,1,0,0.0,0.0,1.0,1,2.634826,1.0
single_task,random,eval_115,LAN,1,lan_single_homo_projcos4,LAN single-node homo projcos4,single_homo,projcos4,random,low-risk,1,570.0,0.0,0.83567,1,0,0.0,0.0,1.0,1,2.724163,1.0
single_task,random,eval_116,LAN,1,lan_ab_scalar16,LAN A/B scalar16,t4strict_pair_a_vs_b_40_200,scalar16,random,unverifiable,3,575.0,0.0,1.02848,1,0,0.15,0.15,0.195,0,2.340788,0.985
single_task,random,eval_117,LAN,2,lan_ab_scalar16,LAN A/B scalar16,t4strict_pair_a_vs_b_40_200,scalar16,random,unverifiable,3,580.0,0.0,1.05176,1,0,0.15,0.15,0.195,0,2.340788,0.985
single_task,random,eval_118,LAN,2,lan_single_homo_scalar16,LAN single-node homo scalar16,single_homo,scalar16,random,low-risk,1,585.0,0.0,0.85079,1,0,0.0,0.0,1.0,1,2.634826,1.0
single_task,random,eval_119,LAN,2,lan_single_homo_projcos4,LAN single-node homo projcos4,single_homo,projcos4,random,low-risk,1,590.0,0.0,0.84911,1,0,0.0,0.0,1.0,1,2.724163,1.0
single_task,random,eval_120,LAN,1,lan_ab_scalar16,LAN A/B scalar16,t4strict_pair_a_vs_b_40_200,scalar16,random,unverifiable,3,595.0,0.0,1.03139,1,0,0.15,0.15,0.195,0,2.340788,0.985
single_task,random,eval_121,LAN,1,lan_ab_scalar16,LAN A/B scalar16,t4strict_pair_a_vs_b_40_200,scalar16,random,unverifiable,3,600.0,0.0,1.03721,1,0,0.15,0.15,0.195,0,2.340788,0.985
single_task,random,eval_122,LAN,1,lan_ab_scalar16,LAN A/B scalar16,t4strict_pair_a_vs_b_40_200,scalar16,random,unverifiable,3,605.0,0.0,1.03915,1,0,0.15,0.15,0.195,0,2.340788,0.985
single_task,random,eval_123,LAN,1,lan_single_homo_scalar16,LAN single-node homo scalar16,single_homo,scalar16,random,low-risk,1,610.0,0.0,0.83987,1,0,0.0,0.0,1.0,1,2.634826,1.0
single_task,random,eval_124,LAN,1,lan_ab_projcos4,LAN A/B projcos4,t4strict_pair_a_vs_b_40_200,projcos4,random,low-risk,3,615.0,0.0,1.03721,1,0,0.02,0.02,0.995,1,2.852113,0.998
single_task,random,eval_125,LAN,1,lan_ab_projcos4,LAN A/B projcos4,t4strict_pair_a_vs_b_40_200,projcos4,random,low-risk,3,620.0,0.0,1.03818,1,0,0.02,0.02,0.995,1,2.852113,0.998
single_task,random,eval_126,LAN,1,lan_single_homo_projcos4,LAN single-node homo projcos4,single_homo,projcos4,random,low-risk,1,625.0,0.0,0.83735,1,0,0.0,0.0,1.0,1,2.724163,1.0
single_task,random,eval_127,LAN,3,lan_single_homo_scalar16,LAN single-node homo scalar16,single_homo,scalar16,random,low-risk,1,630.0,0.0,0.85751,0,0,0.0,0.0,1.0,1,2.634826,0.0
single_task,random,eval_128,LAN,3,lan_ab_scalar16,LAN A/B scalar16,t4strict_pair_a_vs_b_40_200,scalar16,random,unverifiable,3,635.0,0.0,1.05564,1,0,0.15,0.15,0.195,0,2.340788,0.985
single_task,random,eval_129,LAN,2,lan_ab_projcos4,LAN A/B projcos4,t4strict_pair_a_vs_b_40_200,projcos4,random,low-risk,3,640.0,0.0,1.0537,1,0,0.02,0.02,0.995,1,2.852113,0.998
single_task,random,eval_130,LAN,1,lan_ab_projcos4,LAN A/B projcos4,t4strict_pair_a_vs_b_40_200,projcos4,random,low-risk,3,645.0,0.0,1.03721,1,0,0.02,0.02,0.995,1,2.852113,0.998
single_task,random,eval_131,LAN,2,lan_ab_projcos4,LAN A/B projcos4,t4strict_pair_a_vs_b_40_200,projcos4,random,low-risk,3,650.0,0.0,1.04206,1,0,0.02,0.02,0.995,1,2.852113,0.998
single_task,random,eval_132,LAN,2,lan_ab_scalar16,LAN A/B scalar16,t4strict_pair_a_vs_b_40_200,scalar16,random,unverifiable,3,655.0,0.0,1.044,1,0,0.15,0.15,0.195,0,2.340788,0.985
single_task,random,eval_133,LAN,2,lan_single_homo_projcos4,LAN single-node homo projcos4,single_homo,projcos4,random,low-risk,1,660.0,0.0,0.84407,1,0,0.0,0.0,1.0,1,2.724163,1.0
single_task,random,eval_134,LAN,2,lan_ab_projcos4,LAN A/B projcos4,t4strict_pair_a_vs_b_40_200,projcos4,random,low-risk,3,665.0,0.0,1.04206,1,0,0.02,0.02,0.995,1,2.852113,0.998
single_task,random,eval_135,LAN,2,lan_ab_scalar16,LAN A/B scalar16,t4strict_pair_a_vs_b_40_200,scalar16,random,unverifiable,3,670.0,0.0,1.04303,1,0,0.15,0.15,0.195,0,2.340788,0.985
single_task,random,eval_136,LAN,1,lan_ab_scalar16,LAN A/B scalar16,t4strict_pair_a_vs_b_40_200,scalar16,random,unverifiable,3,675.0,0.0,1.03915,1,0,0.15,0.15,0.195,0,2.340788,0.985
single_task,random,eval_137,LAN,3,lan_ab_scalar16,LAN A/B scalar16,t4strict_pair_a_vs_b_40_200,scalar16,random,unverifiable,3,680.0,0.0,1.06243,1,0,0.15,0.15,0.195,0,2.340788,0.985
single_task,random,eval_138,LAN,3,lan_single_homo_projcos4,LAN single-node homo projcos4,single_homo,projcos4,random,low-risk,1,685.0,0.0,0.86003,1,0,0.0,0.0,1.0,1,2.724163,1.0
single_task,random,eval_139,LAN,3,lan_ab_scalar16,LAN A/B scalar16,t4strict_pair_a_vs_b_40_200,scalar16,random,unverifiable,3,690.0,0.0,1.05855,1,0,0.15,0.15,0.195,0,2.340788,0.985
single_task,random,eval_140,LAN,2,lan_single_homo_scalar16,LAN single-node homo scalar16,single_homo,scalar16,random,low-risk,1,695.0,0.0,0.84407,1,0,0.0,0.0,1.0,1,2.634826,1.0
single_task,random,eval_141,WAN,1,wan_ad_projcos4,WAN A/D projcos4,t4strict_pair_a_vs_d_40_200,projcos4,random,low-risk,3,700.0,0.0,1.24875,1,0,0.02,0.02,0.995,1,2.775853,0.998
single_task,random,eval_142,WAN,1,wan_bd_projcos4,WAN B/D projcos4,t4strict_pair_b_vs_d_40_200,projcos4,random,low-risk,3,705.0,0.0,1.31321,1,0,0.075,0.075,1.0,1,2.706026,0.9925
single_task,random,eval_143,WAN,1,wan_ac_projcos4,WAN A/C projcos4,t4strict_pair_a_vs_c_40_200,projcos4,random,low-risk,3,710.0,0.0,1.26995,1,0,0.045,0.045,1.0,1,2.74343,0.9955
single_task,random,eval_144,WAN,1,wan_bd_scalar16,WAN B/D scalar16,t4strict_pair_b_vs_d_40_200,scalar16,random,high-risk,3,715.0,0.0,1.31115,1,0,0.245,0.245,0.57,0,2.425473,0.9755
single_task,random,eval_145,WAN,1,wan_ac_projcos4,WAN A/C projcos4,t4strict_pair_a_vs_c_40_200,projcos4,random,low-risk,3,720.0,0.0,1.27096,1,0,0.045,0.045,1.0,1,2.74343,0.9955
single_task,random,eval_146,WAN,1,wan_bd_scalar16,WAN B/D scalar16,t4strict_pair_b_vs_d_40_200,scalar16,random,high-risk,3,725.0,0.0,1.30806,1,0,0.245,0.245,0.57,0,2.425473,0.9755
single_task,random,eval_147,WAN,2,wan_bd_projcos4,WAN B/D projcos4,t4strict_pair_b_vs_d_40_200,projcos4,random,low-risk,3,730.0,0.0,1.33278,1,0,0.075,0.075,1.0,1,2.706026,0.9925
single_task,random,eval_148,WAN,2,wan_bd_projcos4,WAN B/D projcos4,t4strict_pair_b_vs_d_40_200,projcos4,random,low-risk,3,735.0,0.0,1.33072,1,0,0.075,0.075,1.0,1,2.706026,0.9925
single_task,random,eval_149,WAN,2,wan_ad_scalar16,WAN A/D scalar16,t4strict_pair_a_vs_d_40_200,scalar16,random,unverifiable,3,740.0,0.0,1.26558,1,0,0.09,0.09,0.045,0,2.901829,0.991
single_task,random,eval_150,WAN,1,wan_ad_projcos4,WAN A/D projcos4,t4strict_pair_a_vs_d_40_200,projcos4,random,low-risk,3,745.0,0.0,1.24875,1,0,0.02,0.02,0.995,1,2.775853,0.998
single_task,random,eval_151,WAN,1,wan_ad_scalar16,WAN A/D scalar16,t4strict_pair_a_vs_d_40_200,scalar16,random,unverifiable,3,750.0,0.0,1.25172,1,0,0.09,0.09,0.045,0,2.901829,0.991
single_task,random,eval_152,WAN,1,wan_ad_projcos4,WAN A/D projcos4,t4strict_pair_a_vs_d_40_200,projcos4,random,low-risk,3,755.0,0.0,1.2537,1,0,0.02,0.02,0.995,1,2.775853,0.998
single_task,random,eval_153,WAN,1,wan_ad_projcos4,WAN A/D projcos4,t4strict_pair_a_vs_d_40_200,projcos4,random,low-risk,3,760.0,0.0,1.25172,1,0,0.02,0.02,0.995,1,2.775853,0.998
single_task,random,eval_154,WAN,1,wan_ac_scalar16,WAN A/C scalar16,t4strict_pair_a_vs_c_40_200,scalar16,random,unverifiable,3,765.0,0.0,1.27298,1,0,0.11,0.11,0.095,0,3.002535,0.989
single_task,random,eval_155,WAN,1,wan_bd_projcos4,WAN B/D projcos4,t4strict_pair_b_vs_d_40_200,projcos4,random,low-risk,3,770.0,0.0,1.31527,1,1,0.075,0.075,1.0,1,6.07572,0.8425
single_task,random,eval_156,WAN,1,wan_ac_scalar16,WAN A/C scalar16,t4strict_pair_a_vs_c_40_200,scalar16,random,unverifiable,3,775.0,0.0,1.26995,1,0,0.11,0.11,0.095,0,3.002535,0.989
single_task,random,eval_157,WAN,2,wan_bd_projcos4,WAN B/D projcos4,t4strict_pair_b_vs_d_40_200,projcos4,random,low-risk,3,780.0,0.0,1.33587,1,0,0.075,0.075,1.0,1,2.706026,0.9925
single_task,random,eval_158,WAN,2,wan_ad_projcos4,WAN A/D projcos4,t4strict_pair_a_vs_d_40_200,projcos4,random,low-risk,3,785.0,0.0,1.27053,1,0,0.02,0.02,0.995,1,2.775853,0.998
single_task,random,eval_159,WAN,2,wan_ac_projcos4,WAN A/C projcos4,t4strict_pair_a_vs_c_40_200,projcos4,random,low-risk,3,790.0,0.0,1.29015,1,0,0.045,0.045,1.0,1,2.74343,0.9955
single_task,random,eval_160,WAN,1,wan_ad_scalar16,WAN A/D scalar16,t4strict_pair_a_vs_d_40_200,scalar16,random,unverifiable,3,795.0,0.0,1.25172,1,0,0.09,0.09,0.045,0,2.901829,0.991
single_task,random,eval_161,WAN,2,wan_ac_projcos4,WAN A/C projcos4,t4strict_pair_a_vs_c_40_200,projcos4,random,low-risk,3,800.0,0.0,1.28308,1,0,0.045,0.045,1.0,1,2.74343,0.9955
single_task,random,eval_162,WAN,2,wan_bd_projcos4,WAN B/D projcos4,t4strict_pair_b_vs_d_40_200,projcos4,random,low-risk,3,805.0,0.0,1.3266,1,0,0.075,0.075,1.0,1,2.706026,0.9925
single_task,random,eval_163,WAN,2,wan_bd_projcos4,WAN B/D projcos4,t4strict_pair_b_vs_d_40_200,projcos4,random,low-risk,3,810.0,0.0,1.32454,1,1,0.075,0.075,1.0,1,6.07572,0.8425
single_task,random,eval_164,WAN,2,wan_bd_projcos4,WAN B/D projcos4,t4strict_pair_b_vs_d_40_200,projcos4,random,low-risk,3,815.0,0.0,1.32454,1,0,0.075,0.075,1.0,1,2.706026,0.9925
single_task,random,eval_165,WAN,2,wan_ad_projcos4,WAN A/D projcos4,t4strict_pair_a_vs_d_40_200,projcos4,random,low-risk,3,820.0,0.0,1.26261,1,0,0.02,0.02,0.995,1,2.775853,0.998
single_task,random,eval_166,WAN,1,wan_ad_projcos4,WAN A/D projcos4,t4strict_pair_a_vs_d_40_200,projcos4,random,low-risk,3,825.0,0.0,1.25865,1,0,0.02,0.02,0.995,1,2.775853,0.998
single_task,random,eval_167,WAN,3,wan_ac_projcos4,WAN A/C projcos4,t4strict_pair_a_vs_c_40_200,projcos4,random,low-risk,3,830.0,0.0,1.30429,1,0,0.045,0.045,1.0,1,2.74343,0.9955
single_task,random,eval_168,WAN,3,wan_bd_scalar16,WAN B/D scalar16,t4strict_pair_b_vs_d_40_200,scalar16,random,high-risk,3,835.0,0.0,1.34411,1,0,0.245,0.245,0.57,0,2.425473,0.9755
single_task,random,eval_169,WAN,3,wan_ad_scalar16,WAN A/D scalar16,t4strict_pair_a_vs_d_40_200,scalar16,random,unverifiable,3,840.0,0.0,1.27845,1,1,0.09,0.09,0.045,0,6.357495,0.841
single_task,random,eval_170,WAN,2,wan_ad_scalar16,WAN A/D scalar16,t4strict_pair_a_vs_d_40_200,scalar16,random,unverifiable,3,845.0,0.0,1.26162,1,0,0.09,0.09,0.045,0,2.901829,0.991
single_task,random,eval_171,WAN,1,wan_bd_projcos4,WAN B/D projcos4,t4strict_pair_b_vs_d_40_200,projcos4,random,low-risk,3,850.0,0.0,1.32145,1,0,0.075,0.075,1.0,1,2.706026,0.9925
single_task,random,eval_172,WAN,2,wan_ad_projcos4,WAN A/D projcos4,t4strict_pair_a_vs_d_40_200,projcos4,random,low-risk,3,855.0,0.0,1.26063,1,0,0.02,0.02,0.995,1,2.775853,0.998
single_task,random,eval_173,WAN,1,wan_bd_projcos4,WAN B/D projcos4,t4strict_pair_b_vs_d_40_200,projcos4,random,low-risk,3,860.0,0.0,1.32145,0,1,0.075,0.075,1.0,1,6.07572,-0.1575
single_task,random,eval_174,WAN,1,wan_ad_scalar16,WAN A/D scalar16,t4strict_pair_a_vs_d_40_200,scalar16,random,unverifiable,3,865.0,0.0,1.25865,1,0,0.09,0.09,0.045,0,2.901829,0.991
single_task,random,eval_175,WAN,2,wan_bd_scalar16,WAN B/D scalar16,t4strict_pair_b_vs_d_40_200,scalar16,random,high-risk,3,870.0,0.0,1.32248,1,1,0.245,0.245,0.57,0,5.881139,0.8255
single_task,random,eval_176,WAN,1,wan_ac_scalar16,WAN A/C scalar16,t4strict_pair_a_vs_c_40_200,scalar16,random,unverifiable,3,875.0,0.0,1.27702,1,1,0.11,0.11,0.095,0,6.458201,0.839
single_task,random,eval_177,WAN,3,wan_ac_projcos4,WAN A/C projcos4,t4strict_pair_a_vs_c_40_200,projcos4,random,low-risk,3,880.0,0.0,1.30126,1,0,0.045,0.045,1.0,1,2.74343,0.9955
single_task,random,eval_178,WAN,3,wan_ad_scalar16,WAN A/D scalar16,t4strict_pair_a_vs_d_40_200,scalar16,random,unverifiable,3,885.0,0.0,1.27746,1,0,0.09,0.09,0.045,0,2.901829,0.991
single_task,random,eval_179,WAN,3,wan_ad_projcos4,WAN A/D projcos4,t4strict_pair_a_vs_d_40_200,projcos4,random,low-risk,3,890.0,0.0,1.27548,1,0,0.02,0.02,0.995,1,2.775853,0.998
single_task,random,eval_180,WAN,1,wan_bd_scalar16,WAN B/D scalar16,t4strict_pair_b_vs_d_40_200,scalar16,random,high-risk,3,895.0,0.0,1.32145,0,0,0.245,0.245,0.57,0,2.425473,-0.0245
single_task,random,eval_181,WAN,2,wan_bd_scalar16,WAN B/D scalar16,t4strict_pair_b_vs_d_40_200,scalar16,random,high-risk,3,900.0,0.0,1.33072,1,0,0.245,0.245,0.57,0,2.425473,0.9755
single_task,random,eval_182,WAN,2,wan_ad_projcos4,WAN A/D projcos4,t4strict_pair_a_vs_d_40_200,projcos4,random,low-risk,3,905.0,0.0,1.26954,1,0,0.02,0.02,0.995,1,2.775853,0.998
single_task,random,eval_183,WAN,2,wan_bd_projcos4,WAN B/D projcos4,t4strict_pair_b_vs_d_40_200,projcos4,random,low-risk,3,910.0,0.0,1.33072,0,0,0.075,0.075,1.0,1,2.706026,-0.0075
single_task,random,eval_184,WAN,2,wan_bd_projcos4,WAN B/D projcos4,t4strict_pair_b_vs_d_40_200,projcos4,random,low-risk,3,915.0,0.0,1.33072,1,0,0.075,0.075,1.0,1,2.706026,0.9925
single_task,random,eval_185,WAN,2,wan_ad_scalar16,WAN A/D scalar16,t4strict_pair_a_vs_d_40_200,scalar16,random,unverifiable,3,920.0,0.0,1.26855,1,0,0.09,0.09,0.045,0,2.901829,0.991
single_task,random,eval_186,WAN,2,wan_ad_projcos4,WAN A/D projcos4,t4strict_pair_a_vs_d_40_200,projcos4,random,low-risk,3,925.0,0.0,1.26459,1,0,0.02,0.02,0.995,1,2.775853,0.998
single_task,random,eval_187,WAN,3,wan_ac_projcos4,WAN A/C projcos4,t4strict_pair_a_vs_c_40_200,projcos4,random,low-risk,3,930.0,0.0,1.31035,1,0,0.045,0.045,1.0,1,2.74343,0.9955
single_task,random,eval_188,WAN,3,wan_bd_scalar16,WAN B/D scalar16,t4strict_pair_b_vs_d_40_200,scalar16,random,high-risk,3,935.0,0.0,1.35029,1,0,0.245,0.245,0.57,0,2.425473,0.9755
single_task,random,eval_189,WAN,3,wan_bd_scalar16,WAN B/D scalar16,t4strict_pair_b_vs_d_40_200,scalar16,random,high-risk,3,940.0,0.0,1.34823,1,0,0.245,0.245,0.57,0,2.425473,0.9755
single_task,random,eval_190,WAN,2,wan_bd_scalar16,WAN B/D scalar16,t4strict_pair_b_vs_d_40_200,scalar16,random,high-risk,3,945.0,0.0,1.33072,1,0,0.245,0.245,0.57,0,2.425473,0.9755
single_task,random,eval_191,WAN,2,wan_ad_projcos4,WAN A/D projcos4,t4strict_pair_a_vs_d_40_200,projcos4,random,low-risk,3,950.0,0.0,1.26756,1,0,0.02,0.02,0.995,1,2.775853,0.998
single_task,random,eval_192,WAN,2,wan_ad_scalar16,WAN A/D scalar16,t4strict_pair_a_vs_d_40_200,scalar16,random,unverifiable,3,955.0,0.0,1.26954,1,0,0.09,0.09,0.045,0,2.901829,0.991
single_task,random,eval_193,WAN,2,wan_bd_scalar16,WAN B/D scalar16,t4strict_pair_b_vs_d_40_200,scalar16,random,high-risk,3,960.0,0.0,1.33072,1,0,0.245,0.245,0.57,0,2.425473,0.9755
single_task,random,eval_194,WAN,2,wan_bd_scalar16,WAN B/D scalar16,t4strict_pair_b_vs_d_40_200,scalar16,random,high-risk,3,965.0,0.0,1.33072,1,0,0.245,0.245,0.57,0,2.425473,0.9755
single_task,random,eval_195,WAN,2,wan_ad_scalar16,WAN A/D scalar16,t4strict_pair_a_vs_d_40_200,scalar16,random,unverifiable,3,970.0,0.0,1.26855,1,0,0.09,0.09,0.045,0,2.901829,0.991
single_task,random,eval_196,WAN,2,wan_ac_scalar16,WAN A/C scalar16,t4strict_pair_a_vs_c_40_200,scalar16,random,unverifiable,3,975.0,0.0,1.28611,1,0,0.11,0.11,0.095,0,3.002535,0.989
single_task,random,eval_197,WAN,3,wan_ad_scalar16,WAN A/D scalar16,t4strict_pair_a_vs_d_40_200,scalar16,random,unverifiable,3,980.0,0.0,1.28835,1,0,0.09,0.09,0.045,0,2.901829,0.991
single_task,random,eval_198,WAN,3,wan_ac_projcos4,WAN A/C projcos4,t4strict_pair_a_vs_c_40_200,projcos4,random,low-risk,3,985.0,0.0,1.30833,1,0,0.045,0.045,1.0,1,2.74343,0.9955
single_task,random,eval_199,WAN,3,wan_ad_scalar16,WAN A/D scalar16,t4strict_pair_a_vs_d_40_200,scalar16,random,unverifiable,3,990.0,0.0,1.28439,0,0,0.09,0.09,0.045,0,2.901829,-0.009
single_task,random,eval_200,WAN,2,wan_ad_scalar16,WAN A/D scalar16,t4strict_pair_a_vs_d_40_200,scalar16,random,unverifiable,3,995.0,0.0,1.26756,1,0,0.09,0.09,0.045,0,2.901829,0.991
single_task,cost_only,eval_001,LAN,3,lan_single_homo_scalar16,LAN single-node homo scalar16,single_homo,scalar16,direct,low-risk,1,0.0,0.0,0.85583,1,0,0.0,0.0,1.0,1,2.634826,1.0
single_task,cost_only,eval_002,LAN,3,lan_single_homo_scalar16,LAN single-node homo scalar16,single_homo,scalar16,direct,low-risk,1,5.0,0.0,0.85751,1,0,0.0,0.0,1.0,1,2.634826,1.0
single_task,cost_only,eval_003,LAN,3,lan_single_homo_scalar16,LAN single-node homo scalar16,single_homo,scalar16,direct,low-risk,1,10.0,0.0,0.85583,1,0,0.0,0.0,1.0,1,2.634826,1.0
single_task,cost_only,eval_004,LAN,3,lan_single_homo_scalar16,LAN single-node homo scalar16,single_homo,scalar16,direct,low-risk,1,15.0,0.0,0.85583,0,0,0.0,0.0,1.0,1,2.634826,0.0
single_task,cost_only,eval_005,LAN,3,lan_single_homo_scalar16,LAN single-node homo scalar16,single_homo,scalar16,direct,low-risk,1,20.0,0.0,0.85667,1,0,0.0,0.0,1.0,1,2.634826,1.0
single_task,cost_only,eval_006,LAN,2,lan_single_homo_scalar16,LAN single-node homo scalar16,single_homo,scalar16,direct,low-risk,1,25.0,0.0,0.85331,1,0,0.0,0.0,1.0,1,2.634826,1.0
single_task,cost_only,eval_007,LAN,3,lan_single_homo_scalar16,LAN single-node homo scalar16,single_homo,scalar16,direct,low-risk,1,30.0,0.0,0.87347,1,0,0.0,0.0,1.0,1,2.634826,1.0
single_task,cost_only,eval_008,LAN,3,lan_single_homo_scalar16,LAN single-node homo scalar16,single_homo,scalar16,direct,low-risk,1,35.0,0.0,0.87179,1,0,0.0,0.0,1.0,1,2.634826,1.0
single_task,cost_only,eval_009,LAN,3,lan_single_homo_scalar16,LAN single-node homo scalar16,single_homo,scalar16,direct,low-risk,1,40.0,0.0,0.87011,1,0,0.0,0.0,1.0,1,2.634826,1.0
single_task,cost_only,eval_010,LAN,3,lan_single_homo_scalar16,LAN single-node homo scalar16,single_homo,scalar16,direct,low-risk,1,45.0,0.0,0.85583,1,0,0.0,0.0,1.0,1,2.634826,1.0
single_task,cost_only,eval_011,LAN,1,lan_single_homo_scalar16,LAN single-node homo scalar16,single_homo,scalar16,direct,low-risk,1,50.0,0.0,0.83987,1,0,0.0,0.0,1.0,1,2.634826,1.0
single_task,cost_only,eval_012,LAN,1,lan_single_homo_scalar16,LAN single-node homo scalar16,single_homo,scalar16,direct,low-risk,1,55.0,0.0,0.84155,1,0,0.0,0.0,1.0,1,2.634826,1.0
single_task,cost_only,eval_013,LAN,1,lan_single_homo_scalar16,LAN single-node homo scalar16,single_homo,scalar16,direct,low-risk,1,60.0,0.0,0.83987,1,0,0.0,0.0,1.0,1,2.634826,1.0
single_task,cost_only,eval_014,LAN,1,lan_single_homo_scalar16,LAN single-node homo scalar16,single_homo,scalar16,direct,low-risk,1,65.0,0.0,0.83987,1,0,0.0,0.0,1.0,1,2.634826,1.0
single_task,cost_only,eval_015,LAN,1,lan_single_homo_scalar16,LAN single-node homo scalar16,single_homo,scalar16,direct,low-risk,1,70.0,0.0,0.84071,1,0,0.0,0.0,1.0,1,2.634826,1.0
single_task,cost_only,eval_016,LAN,1,lan_single_homo_scalar16,LAN single-node homo scalar16,single_homo,scalar16,direct,low-risk,1,75.0,0.0,0.83735,1,0,0.0,0.0,1.0,1,2.634826,1.0
single_task,cost_only,eval_017,LAN,3,lan_single_homo_scalar16,LAN single-node homo scalar16,single_homo,scalar16,direct,low-risk,1,80.0,0.0,0.85751,0,0,0.0,0.0,1.0,1,2.634826,0.0
single_task,cost_only,eval_018,LAN,3,lan_single_homo_scalar16,LAN single-node homo scalar16,single_homo,scalar16,direct,low-risk,1,85.0,0.0,0.85583,1,0,0.0,0.0,1.0,1,2.634826,1.0
single_task,cost_only,eval_019,LAN,2,lan_single_homo_scalar16,LAN single-node homo scalar16,single_homo,scalar16,direct,low-risk,1,90.0,0.0,0.85415,1,0,0.0,0.0,1.0,1,2.634826,1.0
single_task,cost_only,eval_020,LAN,1,lan_single_homo_scalar16,LAN single-node homo scalar16,single_homo,scalar16,direct,low-risk,1,95.0,0.0,0.83987,1,0,0.0,0.0,1.0,1,2.634826,1.0
single_task,cost_only,eval_021,LAN,1,lan_single_homo_scalar16,LAN single-node homo scalar16,single_homo,scalar16,direct,low-risk,1,100.0,0.0,0.83231,1,0,0.0,0.0,1.0,1,2.634826,1.0
single_task,cost_only,eval_022,LAN,1,lan_single_homo_scalar16,LAN single-node homo scalar16,single_homo,scalar16,direct,low-risk,1,105.0,0.0,0.83399,1,0,0.0,0.0,1.0,1,2.634826,1.0
single_task,cost_only,eval_023,LAN,1,lan_single_homo_scalar16,LAN single-node homo scalar16,single_homo,scalar16,direct,low-risk,1,110.0,0.0,0.83231,1,0,0.0,0.0,1.0,1,2.634826,1.0
single_task,cost_only,eval_024,LAN,1,lan_single_homo_scalar16,LAN single-node homo scalar16,single_homo,scalar16,direct,low-risk,1,115.0,0.0,0.83231,1,0,0.0,0.0,1.0,1,2.634826,1.0
single_task,cost_only,eval_025,LAN,1,lan_single_homo_scalar16,LAN single-node homo scalar16,single_homo,scalar16,direct,low-risk,1,120.0,0.0,0.83315,1,0,0.0,0.0,1.0,1,2.634826,1.0
single_task,cost_only,eval_026,LAN,1,lan_single_homo_scalar16,LAN single-node homo scalar16,single_homo,scalar16,direct,low-risk,1,125.0,0.0,0.82979,1,0,0.0,0.0,1.0,1,2.634826,1.0
single_task,cost_only,eval_027,LAN,2,lan_single_homo_scalar16,LAN single-node homo scalar16,single_homo,scalar16,direct,low-risk,1,130.0,0.0,0.84995,0,0,0.0,0.0,1.0,1,2.634826,0.0
single_task,cost_only,eval_028,LAN,2,lan_single_homo_scalar16,LAN single-node homo scalar16,single_homo,scalar16,direct,low-risk,1,135.0,0.0,0.84827,1,0,0.0,0.0,1.0,1,2.634826,1.0
single_task,cost_only,eval_029,LAN,2,lan_single_homo_scalar16,LAN single-node homo scalar16,single_homo,scalar16,direct,low-risk,1,140.0,0.0,0.84659,1,0,0.0,0.0,1.0,1,2.634826,1.0
single_task,cost_only,eval_030,LAN,1,lan_single_homo_scalar16,LAN single-node homo scalar16,single_homo,scalar16,direct,low-risk,1,145.0,0.0,0.83231,1,0,0.0,0.0,1.0,1,2.634826,1.0
single_task,cost_only,eval_031,LAN,2,lan_single_homo_scalar16,LAN single-node homo scalar16,single_homo,scalar16,direct,low-risk,1,150.0,0.0,0.84743,1,0,0.0,0.0,1.0,1,2.634826,1.0
single_task,cost_only,eval_032,LAN,2,lan_single_homo_scalar16,LAN single-node homo scalar16,single_homo,scalar16,direct,low-risk,1,155.0,0.0,0.84911,1,0,0.0,0.0,1.0,1,2.634826,1.0
single_task,cost_only,eval_033,LAN,2,lan_single_homo_scalar16,LAN single-node homo scalar16,single_homo,scalar16,direct,low-risk,1,160.0,0.0,0.84743,1,0,0.0,0.0,1.0,1,2.634826,1.0
single_task,cost_only,eval_034,LAN,2,lan_single_homo_scalar16,LAN single-node homo scalar16,single_homo,scalar16,direct,low-risk,1,165.0,0.0,0.84743,1,0,0.0,0.0,1.0,1,2.634826,1.0
single_task,cost_only,eval_035,LAN,2,lan_single_homo_scalar16,LAN single-node homo scalar16,single_homo,scalar16,direct,low-risk,1,170.0,0.0,0.84827,1,0,0.0,0.0,1.0,1,2.634826,1.0
single_task,cost_only,eval_036,LAN,2,lan_single_homo_scalar16,LAN single-node homo scalar16,single_homo,scalar16,direct,low-risk,1,175.0,0.0,0.84491,0,0,0.0,0.0,1.0,1,2.634826,0.0
single_task,cost_only,eval_037,LAN,3,lan_single_homo_scalar16,LAN single-node homo scalar16,single_homo,scalar16,direct,low-risk,1,180.0,0.0,0.86507,1,0,0.0,0.0,1.0,1,2.634826,1.0
single_task,cost_only,eval_038,LAN,3,lan_single_homo_scalar16,LAN single-node homo scalar16,single_homo,scalar16,direct,low-risk,1,185.0,0.0,0.86339,0,0,0.0,0.0,1.0,1,2.634826,0.0
single_task,cost_only,eval_039,LAN,3,lan_single_homo_scalar16,LAN single-node homo scalar16,single_homo,scalar16,direct,low-risk,1,190.0,0.0,0.86171,1,0,0.0,0.0,1.0,1,2.634826,1.0
single_task,cost_only,eval_040,LAN,2,lan_single_homo_scalar16,LAN single-node homo scalar16,single_homo,scalar16,direct,low-risk,1,195.0,0.0,0.84743,0,0,0.0,0.0,1.0,1,2.634826,0.0
single_task,cost_only,eval_041,LAN,2,lan_single_homo_scalar16,LAN single-node homo scalar16,single_homo,scalar16,direct,low-risk,1,200.0,0.0,0.84743,1,0,0.0,0.0,1.0,1,2.634826,1.0
single_task,cost_only,eval_042,LAN,2,lan_single_homo_scalar16,LAN single-node homo scalar16,single_homo,scalar16,direct,low-risk,1,205.0,0.0,0.84911,1,0,0.0,0.0,1.0,1,2.634826,1.0
single_task,cost_only,eval_043,LAN,2,lan_single_homo_scalar16,LAN single-node homo scalar16,single_homo,scalar16,direct,low-risk,1,210.0,0.0,0.84743,0,0,0.0,0.0,1.0,1,2.634826,0.0
single_task,cost_only,eval_044,LAN,2,lan_single_homo_scalar16,LAN single-node homo scalar16,single_homo,scalar16,direct,low-risk,1,215.0,0.0,0.84743,0,0,0.0,0.0,1.0,1,2.634826,0.0
single_task,cost_only,eval_045,LAN,2,lan_single_homo_scalar16,LAN single-node homo scalar16,single_homo,scalar16,direct,low-risk,1,220.0,0.0,0.84827,0,0,0.0,0.0,1.0,1,2.634826,0.0
single_task,cost_only,eval_046,LAN,2,lan_single_homo_scalar16,LAN single-node homo scalar16,single_homo,scalar16,direct,low-risk,1,225.0,0.0,0.84491,1,0,0.0,0.0,1.0,1,2.634826,1.0
single_task,cost_only,eval_047,LAN,3,lan_single_homo_scalar16,LAN single-node homo scalar16,single_homo,scalar16,direct,low-risk,1,230.0,0.0,0.86507,1,0,0.0,0.0,1.0,1,2.634826,1.0
single_task,cost_only,eval_048,LAN,3,lan_single_homo_scalar16,LAN single-node homo scalar16,single_homo,scalar16,direct,low-risk,1,235.0,0.0,0.86339,0,0,0.0,0.0,1.0,1,2.634826,0.0
single_task,cost_only,eval_049,LAN,3,lan_single_homo_scalar16,LAN single-node homo scalar16,single_homo,scalar16,direct,low-risk,1,240.0,0.0,0.86171,1,0,0.0,0.0,1.0,1,2.634826,1.0
single_task,cost_only,eval_050,LAN,2,lan_single_homo_scalar16,LAN single-node homo scalar16,single_homo,scalar16,direct,low-risk,1,245.0,0.0,0.84743,1,0,0.0,0.0,1.0,1,2.634826,1.0
single_task,cost_only,eval_051,LAN,3,lan_single_homo_scalar16,LAN single-node homo scalar16,single_homo,scalar16,direct,low-risk,1,250.0,0.0,0.85667,1,0,0.0,0.0,1.0,1,2.634826,1.0
single_task,cost_only,eval_052,LAN,3,lan_single_homo_scalar16,LAN single-node homo scalar16,single_homo,scalar16,direct,low-risk,1,255.0,0.0,0.85835,1,0,0.0,0.0,1.0,1,2.634826,1.0
single_task,cost_only,eval_053,LAN,3,lan_single_homo_scalar16,LAN single-node homo scalar16,single_homo,scalar16,direct,low-risk,1,260.0,0.0,0.85667,0,0,0.0,0.0,1.0,1,2.634826,0.0
single_task,cost_only,eval_054,LAN,3,lan_single_homo_scalar16,LAN single-node homo scalar16,single_homo,scalar16,direct,low-risk,1,265.0,0.0,0.85667,1,0,0.0,0.0,1.0,1,2.634826,1.0
single_task,cost_only,eval_055,LAN,3,lan_single_homo_scalar16,LAN single-node homo scalar16,single_homo,scalar16,direct,low-risk,1,270.0,0.0,0.85751,1,0,0.0,0.0,1.0,1,2.634826,1.0
single_task,cost_only,eval_056,LAN,2,lan_single_homo_scalar16,LAN single-node homo scalar16,single_homo,scalar16,direct,low-risk,1,275.0,0.0,0.85415,1,0,0.0,0.0,1.0,1,2.634826,1.0
single_task,cost_only,eval_057,LAN,3,lan_single_homo_scalar16,LAN single-node homo scalar16,single_homo,scalar16,direct,low-risk,1,280.0,0.0,0.87431,1,0,0.0,0.0,1.0,1,2.634826,1.0
single_task,cost_only,eval_058,LAN,3,lan_single_homo_scalar16,LAN single-node homo scalar16,single_homo,scalar16,direct,low-risk,1,285.0,0.0,0.87263,1,0,0.0,0.0,1.0,1,2.634826,1.0
single_task,cost_only,eval_059,LAN,3,lan_single_homo_scalar16,LAN single-node homo scalar16,single_homo,scalar16,direct,low-risk,1,290.0,0.0,0.87095,1,0,0.0,0.0,1.0,1,2.634826,1.0
single_task,cost_only,eval_060,LAN,3,lan_single_homo_scalar16,LAN single-node homo scalar16,single_homo,scalar16,direct,low-risk,1,295.0,0.0,0.85667,1,0,0.0,0.0,1.0,1,2.634826,1.0
single_task,cost_only,eval_061,LAN,1,lan_single_homo_scalar16,LAN single-node homo scalar16,single_homo,scalar16,direct,low-risk,1,300.0,0.0,0.83231,1,0,0.0,0.0,1.0,1,2.634826,1.0
single_task,cost_only,eval_062,LAN,1,lan_single_homo_scalar16,LAN single-node homo scalar16,single_homo,scalar16,direct,low-risk,1,305.0,0.0,0.83399,1,0,0.0,0.0,1.0,1,2.634826,1.0
single_task,cost_only,eval_063,LAN,1,lan_single_homo_scalar16,LAN single-node homo scalar16,single_homo,scalar16,direct,low-risk,1,310.0,0.0,0.83231,1,0,0.0,0.0,1.0,1,2.634826,1.0
single_task,cost_only,eval_064,LAN,1,lan_single_homo_scalar16,LAN single-node homo scalar16,single_homo,scalar16,direct,low-risk,1,315.0,0.0,0.83231,1,0,0.0,0.0,1.0,1,2.634826,1.0
single_task,cost_only,eval_065,LAN,1,lan_single_homo_scalar16,LAN single-node homo scalar16,single_homo,scalar16,direct,low-risk,1,320.0,0.0,0.83315,1,0,0.0,0.0,1.0,1,2.634826,1.0
single_task,cost_only,eval_066,LAN,1,lan_single_homo_scalar16,LAN single-node homo scalar16,single_homo,scalar16,direct,low-risk,1,325.0,0.0,0.82979,1,0,0.0,0.0,1.0,1,2.634826,1.0
single_task,cost_only,eval_067,LAN,2,lan_single_homo_scalar16,LAN single-node homo scalar16,single_homo,scalar16,direct,low-risk,1,330.0,0.0,0.84995,1,0,0.0,0.0,1.0,1,2.634826,1.0
single_task,cost_only,eval_068,LAN,2,lan_single_homo_scalar16,LAN single-node homo scalar16,single_homo,scalar16,direct,low-risk,1,335.0,0.0,0.84827,1,0,0.0,0.0,1.0,1,2.634826,1.0
single_task,cost_only,eval_069,LAN,2,lan_single_homo_scalar16,LAN single-node homo scalar16,single_homo,scalar16,direct,low-risk,1,340.0,0.0,0.84659,1,0,0.0,0.0,1.0,1,2.634826,1.0
single_task,cost_only,eval_070,LAN,1,lan_single_homo_scalar16,LAN single-node homo scalar16,single_homo,scalar16,direct,low-risk,1,345.0,0.0,0.83231,1,0,0.0,0.0,1.0,1,2.634826,1.0
single_task,cost_only,eval_071,LAN,1,lan_single_homo_scalar16,LAN single-node homo scalar16,single_homo,scalar16,direct,low-risk,1,350.0,0.0,0.83315,1,0,0.0,0.0,1.0,1,2.634826,1.0
single_task,cost_only,eval_072,LAN,1,lan_single_homo_scalar16,LAN single-node homo scalar16,single_homo,scalar16,direct,low-risk,1,355.0,0.0,0.83483,1,0,0.0,0.0,1.0,1,2.634826,1.0
single_task,cost_only,eval_073,LAN,1,lan_single_homo_scalar16,LAN single-node homo scalar16,single_homo,scalar16,direct,low-risk,1,360.0,0.0,0.83315,1,0,0.0,0.0,1.0,1,2.634826,1.0
single_task,cost_only,eval_074,LAN,1,lan_single_homo_scalar16,LAN single-node homo scalar16,single_homo,scalar16,direct,low-risk,1,365.0,0.0,0.83315,1,0,0.0,0.0,1.0,1,2.634826,1.0
single_task,cost_only,eval_075,LAN,1,lan_single_homo_scalar16,LAN single-node homo scalar16,single_homo,scalar16,direct,low-risk,1,370.0,0.0,0.83399,1,0,0.0,0.0,1.0,1,2.634826,1.0
single_task,cost_only,eval_076,LAN,1,lan_single_homo_scalar16,LAN single-node homo scalar16,single_homo,scalar16,direct,low-risk,1,375.0,0.0,0.83063,1,0,0.0,0.0,1.0,1,2.634826,1.0
single_task,cost_only,eval_077,LAN,2,lan_single_homo_scalar16,LAN single-node homo scalar16,single_homo,scalar16,direct,low-risk,1,380.0,0.0,0.85079,1,0,0.0,0.0,1.0,1,2.634826,1.0
single_task,cost_only,eval_078,LAN,2,lan_single_homo_scalar16,LAN single-node homo scalar16,single_homo,scalar16,direct,low-risk,1,385.0,0.0,0.84911,1,0,0.0,0.0,1.0,1,2.634826,1.0
single_task,cost_only,eval_079,LAN,2,lan_single_homo_scalar16,LAN single-node homo scalar16,single_homo,scalar16,direct,low-risk,1,390.0,0.0,0.84743,1,0,0.0,0.0,1.0,1,2.634826,1.0
single_task,cost_only,eval_080,LAN,1,lan_single_homo_scalar16,LAN single-node homo scalar16,single_homo,scalar16,direct,low-risk,1,395.0,0.0,0.83315,1,0,0.0,0.0,1.0,1,2.634826,1.0
single_task,cost_only,eval_081,LAN,1,lan_single_homo_scalar16,LAN single-node homo scalar16,single_homo,scalar16,direct,low-risk,1,400.0,0.0,0.83987,1,0,0.0,0.0,1.0,1,2.634826,1.0
single_task,cost_only,eval_082,LAN,1,lan_single_homo_scalar16,LAN single-node homo scalar16,single_homo,scalar16,direct,low-risk,1,405.0,0.0,0.84155,1,0,0.0,0.0,1.0,1,2.634826,1.0
single_task,cost_only,eval_083,LAN,1,lan_single_homo_scalar16,LAN single-node homo scalar16,single_homo,scalar16,direct,low-risk,1,410.0,0.0,0.83987,1,0,0.0,0.0,1.0,1,2.634826,1.0
single_task,cost_only,eval_084,LAN,1,lan_single_homo_scalar16,LAN single-node homo scalar16,single_homo,scalar16,direct,low-risk,1,415.0,0.0,0.83987,1,0,0.0,0.0,1.0,1,2.634826,1.0
single_task,cost_only,eval_085,LAN,1,lan_single_homo_scalar16,LAN single-node homo scalar16,single_homo,scalar16,direct,low-risk,1,420.0,0.0,0.84071,1,0,0.0,0.0,1.0,1,2.634826,1.0
single_task,cost_only,eval_086,LAN,1,lan_single_homo_scalar16,LAN single-node homo scalar16,single_homo,scalar16,direct,low-risk,1,425.0,0.0,0.83735,0,0,0.0,0.0,1.0,1,2.634826,0.0
single_task,cost_only,eval_087,LAN,3,lan_single_homo_scalar16,LAN single-node homo scalar16,single_homo,scalar16,direct,low-risk,1,430.0,0.0,0.85751,1,0,0.0,0.0,1.0,1,2.634826,1.0
single_task,cost_only,eval_088,LAN,3,lan_single_homo_scalar16,LAN single-node homo scalar16,single_homo,scalar16,direct,low-risk,1,435.0,0.0,0.85583,1,0,0.0,0.0,1.0,1,2.634826,1.0
single_task,cost_only,eval_089,LAN,2,lan_single_homo_scalar16,LAN single-node homo scalar16,single_homo,scalar16,direct,low-risk,1,440.0,0.0,0.85415,1,0,0.0,0.0,1.0,1,2.634826,1.0
single_task,cost_only,eval_090,LAN,1,lan_single_homo_scalar16,LAN single-node homo scalar16,single_homo,scalar16,direct,low-risk,1,445.0,0.0,0.83987,1,0,0.0,0.0,1.0,1,2.634826,1.0
single_task,cost_only,eval_091,LAN,1,lan_single_homo_scalar16,LAN single-node homo scalar16,single_homo,scalar16,direct,low-risk,1,450.0,0.0,0.84155,1,0,0.0,0.0,1.0,1,2.634826,1.0
single_task,cost_only,eval_092,LAN,2,lan_single_homo_scalar16,LAN single-node homo scalar16,single_homo,scalar16,direct,low-risk,1,455.0,0.0,0.84323,1,0,0.0,0.0,1.0,1,2.634826,1.0
single_task,cost_only,eval_093,LAN,1,lan_single_homo_scalar16,LAN single-node homo scalar16,single_homo,scalar16,direct,low-risk,1,460.0,0.0,0.84155,1,0,0.0,0.0,1.0,1,2.634826,1.0
single_task,cost_only,eval_094,LAN,1,lan_single_homo_scalar16,LAN single-node homo scalar16,single_homo,scalar16,direct,low-risk,1,465.0,0.0,0.84155,1,0,0.0,0.0,1.0,1,2.634826,1.0
single_task,cost_only,eval_095,LAN,2,lan_single_homo_scalar16,LAN single-node homo scalar16,single_homo,scalar16,direct,low-risk,1,470.0,0.0,0.84239,1,0,0.0,0.0,1.0,1,2.634826,1.0
single_task,cost_only,eval_096,LAN,1,lan_single_homo_scalar16,LAN single-node homo scalar16,single_homo,scalar16,direct,low-risk,1,475.0,0.0,0.83903,1,0,0.0,0.0,1.0,1,2.634826,1.0
single_task,cost_only,eval_097,LAN,3,lan_single_homo_scalar16,LAN single-node homo scalar16,single_homo,scalar16,direct,low-risk,1,480.0,0.0,0.85919,1,0,0.0,0.0,1.0,1,2.634826,1.0
single_task,cost_only,eval_098,LAN,3,lan_single_homo_scalar16,LAN single-node homo scalar16,single_homo,scalar16,direct,low-risk,1,485.0,0.0,0.85751,1,0,0.0,0.0,1.0,1,2.634826,1.0
single_task,cost_only,eval_099,LAN,3,lan_single_homo_scalar16,LAN single-node homo scalar16,single_homo,scalar16,direct,low-risk,1,490.0,0.0,0.85583,1,0,0.0,0.0,1.0,1,2.634826,1.0
single_task,cost_only,eval_100,LAN,1,lan_single_homo_scalar16,LAN single-node homo scalar16,single_homo,scalar16,direct,low-risk,1,495.0,0.0,0.84155,1,0,0.0,0.0,1.0,1,2.634826,1.0
single_task,cost_only,eval_101,LAN,1,lan_single_homo_scalar16,LAN single-node homo scalar16,single_homo,scalar16,direct,low-risk,1,500.0,0.0,0.83399,1,0,0.0,0.0,1.0,1,2.634826,1.0
single_task,cost_only,eval_102,LAN,1,lan_single_homo_scalar16,LAN single-node homo scalar16,single_homo,scalar16,direct,low-risk,1,505.0,0.0,0.83567,1,0,0.0,0.0,1.0,1,2.634826,1.0
single_task,cost_only,eval_103,LAN,1,lan_single_homo_scalar16,LAN single-node homo scalar16,single_homo,scalar16,direct,low-risk,1,510.0,0.0,0.83399,1,0,0.0,0.0,1.0,1,2.634826,1.0
single_task,cost_only,eval_104,LAN,1,lan_single_homo_scalar16,LAN single-node homo scalar16,single_homo,scalar16,direct,low-risk,1,515.0,0.0,0.83399,1,0,0.0,0.0,1.0,1,2.634826,1.0
single_task,cost_only,eval_105,LAN,1,lan_single_homo_scalar16,LAN single-node homo scalar16,single_homo,scalar16,direct,low-risk,1,520.0,0.0,0.83483,1,0,0.0,0.0,1.0,1,2.634826,1.0
single_task,cost_only,eval_106,LAN,1,lan_single_homo_scalar16,LAN single-node homo scalar16,single_homo,scalar16,direct,low-risk,1,525.0,0.0,0.83147,1,0,0.0,0.0,1.0,1,2.634826,1.0
single_task,cost_only,eval_107,LAN,2,lan_single_homo_scalar16,LAN single-node homo scalar16,single_homo,scalar16,direct,low-risk,1,530.0,0.0,0.85163,1,0,0.0,0.0,1.0,1,2.634826,1.0
single_task,cost_only,eval_108,LAN,2,lan_single_homo_scalar16,LAN single-node homo scalar16,single_homo,scalar16,direct,low-risk,1,535.0,0.0,0.84995,1,0,0.0,0.0,1.0,1,2.634826,1.0
single_task,cost_only,eval_109,LAN,2,lan_single_homo_scalar16,LAN single-node homo scalar16,single_homo,scalar16,direct,low-risk,1,540.0,0.0,0.84827,1,0,0.0,0.0,1.0,1,2.634826,1.0
single_task,cost_only,eval_110,LAN,1,lan_single_homo_scalar16,LAN single-node homo scalar16,single_homo,scalar16,direct,low-risk,1,545.0,0.0,0.83399,1,0,0.0,0.0,1.0,1,2.634826,1.0
single_task,cost_only,eval_111,LAN,1,lan_single_homo_scalar16,LAN single-node homo scalar16,single_homo,scalar16,direct,low-risk,1,550.0,0.0,0.83483,1,0,0.0,0.0,1.0,1,2.634826,1.0
single_task,cost_only,eval_112,LAN,1,lan_single_homo_scalar16,LAN single-node homo scalar16,single_homo,scalar16,direct,low-risk,1,555.0,0.0,0.83651,1,0,0.0,0.0,1.0,1,2.634826,1.0
single_task,cost_only,eval_113,LAN,1,lan_single_homo_scalar16,LAN single-node homo scalar16,single_homo,scalar16,direct,low-risk,1,560.0,0.0,0.83483,1,0,0.0,0.0,1.0,1,2.634826,1.0
single_task,cost_only,eval_114,LAN,1,lan_single_homo_scalar16,LAN single-node homo scalar16,single_homo,scalar16,direct,low-risk,1,565.0,0.0,0.83483,1,0,0.0,0.0,1.0,1,2.634826,1.0
single_task,cost_only,eval_115,LAN,1,lan_single_homo_scalar16,LAN single-node homo scalar16,single_homo,scalar16,direct,low-risk,1,570.0,0.0,0.83567,1,0,0.0,0.0,1.0,1,2.634826,1.0
single_task,cost_only,eval_116,LAN,1,lan_single_homo_scalar16,LAN single-node homo scalar16,single_homo,scalar16,direct,low-risk,1,575.0,0.0,0.83231,1,0,0.0,0.0,1.0,1,2.634826,1.0
single_task,cost_only,eval_117,LAN,2,lan_single_homo_scalar16,LAN single-node homo scalar16,single_homo,scalar16,direct,low-risk,1,580.0,0.0,0.85247,1,0,0.0,0.0,1.0,1,2.634826,1.0
single_task,cost_only,eval_118,LAN,2,lan_single_homo_scalar16,LAN single-node homo scalar16,single_homo,scalar16,direct,low-risk,1,585.0,0.0,0.85079,0,0,0.0,0.0,1.0,1,2.634826,0.0
single_task,cost_only,eval_119,LAN,2,lan_single_homo_scalar16,LAN single-node homo scalar16,single_homo,scalar16,direct,low-risk,1,590.0,0.0,0.84911,1,0,0.0,0.0,1.0,1,2.634826,1.0
single_task,cost_only,eval_120,LAN,1,lan_single_homo_scalar16,LAN single-node homo scalar16,single_homo,scalar16,direct,low-risk,1,595.0,0.0,0.83483,1,0,0.0,0.0,1.0,1,2.634826,1.0
single_task,cost_only,eval_121,LAN,1,lan_single_homo_scalar16,LAN single-node homo scalar16,single_homo,scalar16,direct,low-risk,1,600.0,0.0,0.83987,1,0,0.0,0.0,1.0,1,2.634826,1.0
single_task,cost_only,eval_122,LAN,1,lan_single_homo_scalar16,LAN single-node homo scalar16,single_homo,scalar16,direct,low-risk,1,605.0,0.0,0.84155,1,0,0.0,0.0,1.0,1,2.634826,1.0
single_task,cost_only,eval_123,LAN,1,lan_single_homo_scalar16,LAN single-node homo scalar16,single_homo,scalar16,direct,low-risk,1,610.0,0.0,0.83987,1,0,0.0,0.0,1.0,1,2.634826,1.0
single_task,cost_only,eval_124,LAN,1,lan_single_homo_scalar16,LAN single-node homo scalar16,single_homo,scalar16,direct,low-risk,1,615.0,0.0,0.83987,1,0,0.0,0.0,1.0,1,2.634826,1.0
single_task,cost_only,eval_125,LAN,1,lan_single_homo_scalar16,LAN single-node homo scalar16,single_homo,scalar16,direct,low-risk,1,620.0,0.0,0.84071,1,0,0.0,0.0,1.0,1,2.634826,1.0
single_task,cost_only,eval_126,LAN,1,lan_single_homo_scalar16,LAN single-node homo scalar16,single_homo,scalar16,direct,low-risk,1,625.0,0.0,0.83735,1,0,0.0,0.0,1.0,1,2.634826,1.0
single_task,cost_only,eval_127,LAN,3,lan_single_homo_scalar16,LAN single-node homo scalar16,single_homo,scalar16,direct,low-risk,1,630.0,0.0,0.85751,0,0,0.0,0.0,1.0,1,2.634826,0.0
single_task,cost_only,eval_128,LAN,3,lan_single_homo_scalar16,LAN single-node homo scalar16,single_homo,scalar16,direct,low-risk,1,635.0,0.0,0.85583,0,0,0.0,0.0,1.0,1,2.634826,0.0
single_task,cost_only,eval_129,LAN,2,lan_single_homo_scalar16,LAN single-node homo scalar16,single_homo,scalar16,direct,low-risk,1,640.0,0.0,0.85415,1,0,0.0,0.0,1.0,1,2.634826,1.0
single_task,cost_only,eval_130,LAN,1,lan_single_homo_scalar16,LAN single-node homo scalar16,single_homo,scalar16,direct,low-risk,1,645.0,0.0,0.83987,1,0,0.0,0.0,1.0,1,2.634826,1.0
single_task,cost_only,eval_131,LAN,2,lan_single_homo_scalar16,LAN single-node homo scalar16,single_homo,scalar16,direct,low-risk,1,650.0,0.0,0.84407,1,0,0.0,0.0,1.0,1,2.634826,1.0
single_task,cost_only,eval_132,LAN,2,lan_single_homo_scalar16,LAN single-node homo scalar16,single_homo,scalar16,direct,low-risk,1,655.0,0.0,0.84575,1,0,0.0,0.0,1.0,1,2.634826,1.0
single_task,cost_only,eval_133,LAN,2,lan_single_homo_scalar16,LAN single-node homo scalar16,single_homo,scalar16,direct,low-risk,1,660.0,0.0,0.84407,1,0,0.0,0.0,1.0,1,2.634826,1.0
single_task,cost_only,eval_134,LAN,2,lan_single_homo_scalar16,LAN single-node homo scalar16,single_homo,scalar16,direct,low-risk,1,665.0,0.0,0.84407,0,0,0.0,0.0,1.0,1,2.634826,0.0
single_task,cost_only,eval_135,LAN,2,lan_single_homo_scalar16,LAN single-node homo scalar16,single_homo,scalar16,direct,low-risk,1,670.0,0.0,0.84491,1,0,0.0,0.0,1.0,1,2.634826,1.0
single_task,cost_only,eval_136,LAN,1,lan_single_homo_scalar16,LAN single-node homo scalar16,single_homo,scalar16,direct,low-risk,1,675.0,0.0,0.84155,1,0,0.0,0.0,1.0,1,2.634826,1.0
single_task,cost_only,eval_137,LAN,3,lan_single_homo_scalar16,LAN single-node homo scalar16,single_homo,scalar16,direct,low-risk,1,680.0,0.0,0.86171,1,0,0.0,0.0,1.0,1,2.634826,1.0
single_task,cost_only,eval_138,LAN,3,lan_single_homo_scalar16,LAN single-node homo scalar16,single_homo,scalar16,direct,low-risk,1,685.0,0.0,0.86003,1,0,0.0,0.0,1.0,1,2.634826,1.0
single_task,cost_only,eval_139,LAN,3,lan_single_homo_scalar16,LAN single-node homo scalar16,single_homo,scalar16,direct,low-risk,1,690.0,0.0,0.85835,0,0,0.0,0.0,1.0,1,2.634826,0.0
single_task,cost_only,eval_140,LAN,2,lan_single_homo_scalar16,LAN single-node homo scalar16,single_homo,scalar16,direct,low-risk,1,695.0,0.0,0.84407,0,0,0.0,0.0,1.0,1,2.634826,0.0
single_task,cost_only,eval_141,WAN,1,wan_ad_scalar16,WAN A/D scalar16,t4strict_pair_a_vs_d_40_200,scalar16,direct,unverifiable,3,700.0,0.0,1.24875,1,1,0.09,0.09,0.045,0,6.357495,0.841
single_task,cost_only,eval_142,WAN,1,wan_ad_scalar16,WAN A/D scalar16,t4strict_pair_a_vs_d_40_200,scalar16,direct,unverifiable,3,705.0,0.0,1.25073,1,0,0.09,0.09,0.045,0,2.901829,0.991
single_task,cost_only,eval_143,WAN,1,wan_ad_scalar16,WAN A/D scalar16,t4strict_pair_a_vs_d_40_200,scalar16,direct,unverifiable,3,710.0,0.0,1.24875,1,1,0.09,0.09,0.045,0,6.357495,0.841
single_task,cost_only,eval_144,WAN,1,wan_ad_scalar16,WAN A/D scalar16,t4strict_pair_a_vs_d_40_200,scalar16,direct,unverifiable,3,715.0,0.0,1.24875,1,1,0.09,0.09,0.045,0,6.357495,0.841
single_task,cost_only,eval_145,WAN,1,wan_ad_scalar16,WAN A/D scalar16,t4strict_pair_a_vs_d_40_200,scalar16,direct,unverifiable,3,720.0,0.0,1.24974,1,1,0.09,0.09,0.045,0,6.357495,0.841
single_task,cost_only,eval_146,WAN,1,wan_ad_scalar16,WAN A/D scalar16,t4strict_pair_a_vs_d_40_200,scalar16,direct,unverifiable,3,725.0,0.0,1.24578,1,1,0.09,0.09,0.045,0,6.357495,0.841
single_task,cost_only,eval_147,WAN,2,wan_ad_scalar16,WAN A/D scalar16,t4strict_pair_a_vs_d_40_200,scalar16,direct,unverifiable,3,730.0,0.0,1.26954,1,0,0.09,0.09,0.045,0,2.901829,0.991
single_task,cost_only,eval_148,WAN,2,wan_ad_scalar16,WAN A/D scalar16,t4strict_pair_a_vs_d_40_200,scalar16,direct,unverifiable,3,735.0,0.0,1.26756,1,0,0.09,0.09,0.045,0,2.901829,0.991
single_task,cost_only,eval_149,WAN,2,wan_ad_scalar16,WAN A/D scalar16,t4strict_pair_a_vs_d_40_200,scalar16,direct,unverifiable,3,740.0,0.0,1.26558,1,0,0.09,0.09,0.045,0,2.901829,0.991
single_task,cost_only,eval_150,WAN,1,wan_ad_scalar16,WAN A/D scalar16,t4strict_pair_a_vs_d_40_200,scalar16,direct,unverifiable,3,745.0,0.0,1.24875,1,0,0.09,0.09,0.045,0,2.901829,0.991
single_task,cost_only,eval_151,WAN,1,wan_ad_scalar16,WAN A/D scalar16,t4strict_pair_a_vs_d_40_200,scalar16,direct,unverifiable,3,750.0,0.0,1.25172,1,0,0.09,0.09,0.045,0,2.901829,0.991
single_task,cost_only,eval_152,WAN,1,wan_ad_scalar16,WAN A/D scalar16,t4strict_pair_a_vs_d_40_200,scalar16,direct,unverifiable,3,755.0,0.0,1.2537,1,0,0.09,0.09,0.045,0,2.901829,0.991
single_task,cost_only,eval_153,WAN,1,wan_ad_scalar16,WAN A/D scalar16,t4strict_pair_a_vs_d_40_200,scalar16,direct,unverifiable,3,760.0,0.0,1.25172,1,0,0.09,0.09,0.045,0,2.901829,0.991
single_task,cost_only,eval_154,WAN,1,wan_ad_scalar16,WAN A/D scalar16,t4strict_pair_a_vs_d_40_200,scalar16,direct,unverifiable,3,765.0,0.0,1.25172,1,0,0.09,0.09,0.045,0,2.901829,0.991
single_task,cost_only,eval_155,WAN,1,wan_ad_scalar16,WAN A/D scalar16,t4strict_pair_a_vs_d_40_200,scalar16,direct,unverifiable,3,770.0,0.0,1.25271,1,0,0.09,0.09,0.045,0,2.901829,0.991
single_task,cost_only,eval_156,WAN,1,wan_ad_scalar16,WAN A/D scalar16,t4strict_pair_a_vs_d_40_200,scalar16,direct,unverifiable,3,775.0,0.0,1.24875,0,0,0.09,0.09,0.045,0,2.901829,-0.009
single_task,cost_only,eval_157,WAN,2,wan_ad_scalar16,WAN A/D scalar16,t4strict_pair_a_vs_d_40_200,scalar16,direct,unverifiable,3,780.0,0.0,1.27251,0,0,0.09,0.09,0.045,0,2.901829,-0.009
single_task,cost_only,eval_158,WAN,2,wan_ad_scalar16,WAN A/D scalar16,t4strict_pair_a_vs_d_40_200,scalar16,direct,unverifiable,3,785.0,0.0,1.27053,1,0,0.09,0.09,0.045,0,2.901829,0.991
single_task,cost_only,eval_159,WAN,2,wan_ad_scalar16,WAN A/D scalar16,t4strict_pair_a_vs_d_40_200,scalar16,direct,unverifiable,3,790.0,0.0,1.26855,1,0,0.09,0.09,0.045,0,2.901829,0.991
single_task,cost_only,eval_160,WAN,1,wan_ad_scalar16,WAN A/D scalar16,t4strict_pair_a_vs_d_40_200,scalar16,direct,unverifiable,3,795.0,0.0,1.25172,1,0,0.09,0.09,0.045,0,2.901829,0.991
single_task,cost_only,eval_161,WAN,2,wan_ad_scalar16,WAN A/D scalar16,t4strict_pair_a_vs_d_40_200,scalar16,direct,unverifiable,3,800.0,0.0,1.26162,1,0,0.09,0.09,0.045,0,2.901829,0.991
single_task,cost_only,eval_162,WAN,2,wan_ad_scalar16,WAN A/D scalar16,t4strict_pair_a_vs_d_40_200,scalar16,direct,unverifiable,3,805.0,0.0,1.2636,1,0,0.09,0.09,0.045,0,2.901829,0.991
single_task,cost_only,eval_163,WAN,2,wan_ad_scalar16,WAN A/D scalar16,t4strict_pair_a_vs_d_40_200,scalar16,direct,unverifiable,3,810.0,0.0,1.26162,1,0,0.09,0.09,0.045,0,2.901829,0.991
single_task,cost_only,eval_164,WAN,2,wan_ad_scalar16,WAN A/D scalar16,t4strict_pair_a_vs_d_40_200,scalar16,direct,unverifiable,3,815.0,0.0,1.26162,1,0,0.09,0.09,0.045,0,2.901829,0.991
single_task,cost_only,eval_165,WAN,2,wan_ad_scalar16,WAN A/D scalar16,t4strict_pair_a_vs_d_40_200,scalar16,direct,unverifiable,3,820.0,0.0,1.26261,1,0,0.09,0.09,0.045,0,2.901829,0.991
single_task,cost_only,eval_166,WAN,1,wan_ad_scalar16,WAN A/D scalar16,t4strict_pair_a_vs_d_40_200,scalar16,direct,unverifiable,3,825.0,0.0,1.25865,1,0,0.09,0.09,0.045,0,2.901829,0.991
single_task,cost_only,eval_167,WAN,3,wan_ad_scalar16,WAN A/D scalar16,t4strict_pair_a_vs_d_40_200,scalar16,direct,unverifiable,3,830.0,0.0,1.28241,1,0,0.09,0.09,0.045,0,2.901829,0.991
single_task,cost_only,eval_168,WAN,3,wan_ad_scalar16,WAN A/D scalar16,t4strict_pair_a_vs_d_40_200,scalar16,direct,unverifiable,3,835.0,0.0,1.28043,0,0,0.09,0.09,0.045,0,2.901829,-0.009
single_task,cost_only,eval_169,WAN,3,wan_ad_scalar16,WAN A/D scalar16,t4strict_pair_a_vs_d_40_200,scalar16,direct,unverifiable,3,840.0,0.0,1.27845,1,0,0.09,0.09,0.045,0,2.901829,0.991
single_task,cost_only,eval_170,WAN,2,wan_ad_scalar16,WAN A/D scalar16,t4strict_pair_a_vs_d_40_200,scalar16,direct,unverifiable,3,845.0,0.0,1.26162,0,0,0.09,0.09,0.045,0,2.901829,-0.009
single_task,cost_only,eval_171,WAN,1,wan_ad_scalar16,WAN A/D scalar16,t4strict_pair_a_vs_d_40_200,scalar16,direct,unverifiable,3,850.0,0.0,1.25865,1,0,0.09,0.09,0.045,0,2.901829,0.991
single_task,cost_only,eval_172,WAN,2,wan_ad_scalar16,WAN A/D scalar16,t4strict_pair_a_vs_d_40_200,scalar16,direct,unverifiable,3,855.0,0.0,1.26063,1,0,0.09,0.09,0.045,0,2.901829,0.991
single_task,cost_only,eval_173,WAN,1,wan_ad_scalar16,WAN A/D scalar16,t4strict_pair_a_vs_d_40_200,scalar16,direct,unverifiable,3,860.0,0.0,1.25865,1,0,0.09,0.09,0.045,0,2.901829,0.991
single_task,cost_only,eval_174,WAN,1,wan_ad_scalar16,WAN A/D scalar16,t4strict_pair_a_vs_d_40_200,scalar16,direct,unverifiable,3,865.0,0.0,1.25865,1,0,0.09,0.09,0.045,0,2.901829,0.991
single_task,cost_only,eval_175,WAN,2,wan_ad_scalar16,WAN A/D scalar16,t4strict_pair_a_vs_d_40_200,scalar16,direct,unverifiable,3,870.0,0.0,1.25964,1,0,0.09,0.09,0.045,0,2.901829,0.991
single_task,cost_only,eval_176,WAN,1,wan_ad_scalar16,WAN A/D scalar16,t4strict_pair_a_vs_d_40_200,scalar16,direct,unverifiable,3,875.0,0.0,1.25568,1,0,0.09,0.09,0.045,0,2.901829,0.991
single_task,cost_only,eval_177,WAN,3,wan_ad_scalar16,WAN A/D scalar16,t4strict_pair_a_vs_d_40_200,scalar16,direct,unverifiable,3,880.0,0.0,1.27944,1,0,0.09,0.09,0.045,0,2.901829,0.991
single_task,cost_only,eval_178,WAN,3,wan_ad_scalar16,WAN A/D scalar16,t4strict_pair_a_vs_d_40_200,scalar16,direct,unverifiable,3,885.0,0.0,1.27746,1,1,0.09,0.09,0.045,0,6.357495,0.841
single_task,cost_only,eval_179,WAN,3,wan_ad_scalar16,WAN A/D scalar16,t4strict_pair_a_vs_d_40_200,scalar16,direct,unverifiable,3,890.0,0.0,1.27548,1,0,0.09,0.09,0.045,0,2.901829,0.991
single_task,cost_only,eval_180,WAN,1,wan_ad_scalar16,WAN A/D scalar16,t4strict_pair_a_vs_d_40_200,scalar16,direct,unverifiable,3,895.0,0.0,1.25865,1,0,0.09,0.09,0.045,0,2.901829,0.991
single_task,cost_only,eval_181,WAN,2,wan_ad_scalar16,WAN A/D scalar16,t4strict_pair_a_vs_d_40_200,scalar16,direct,unverifiable,3,900.0,0.0,1.26756,1,0,0.09,0.09,0.045,0,2.901829,0.991
single_task,cost_only,eval_182,WAN,2,wan_ad_scalar16,WAN A/D scalar16,t4strict_pair_a_vs_d_40_200,scalar16,direct,unverifiable,3,905.0,0.0,1.26954,1,0,0.09,0.09,0.045,0,2.901829,0.991
single_task,cost_only,eval_183,WAN,2,wan_ad_scalar16,WAN A/D scalar16,t4strict_pair_a_vs_d_40_200,scalar16,direct,unverifiable,3,910.0,0.0,1.26756,1,0,0.09,0.09,0.045,0,2.901829,0.991
single_task,cost_only,eval_184,WAN,2,wan_ad_scalar16,WAN A/D scalar16,t4strict_pair_a_vs_d_40_200,scalar16,direct,unverifiable,3,915.0,0.0,1.26756,1,0,0.09,0.09,0.045,0,2.901829,0.991
single_task,cost_only,eval_185,WAN,2,wan_ad_scalar16,WAN A/D scalar16,t4strict_pair_a_vs_d_40_200,scalar16,direct,unverifiable,3,920.0,0.0,1.26855,1,0,0.09,0.09,0.045,0,2.901829,0.991
single_task,cost_only,eval_186,WAN,2,wan_ad_scalar16,WAN A/D scalar16,t4strict_pair_a_vs_d_40_200,scalar16,direct,unverifiable,3,925.0,0.0,1.26459,1,0,0.09,0.09,0.045,0,2.901829,0.991
single_task,cost_only,eval_187,WAN,3,wan_ad_scalar16,WAN A/D scalar16,t4strict_pair_a_vs_d_40_200,scalar16,direct,unverifiable,3,930.0,0.0,1.28835,1,0,0.09,0.09,0.045,0,2.901829,0.991
single_task,cost_only,eval_188,WAN,3,wan_ad_scalar16,WAN A/D scalar16,t4strict_pair_a_vs_d_40_200,scalar16,direct,unverifiable,3,935.0,0.0,1.28637,1,0,0.09,0.09,0.045,0,2.901829,0.991
single_task,cost_only,eval_189,WAN,3,wan_ad_scalar16,WAN A/D scalar16,t4strict_pair_a_vs_d_40_200,scalar16,direct,unverifiable,3,940.0,0.0,1.28439,1,0,0.09,0.09,0.045,0,2.901829,0.991
single_task,cost_only,eval_190,WAN,2,wan_ad_scalar16,WAN A/D scalar16,t4strict_pair_a_vs_d_40_200,scalar16,direct,unverifiable,3,945.0,0.0,1.26756,1,1,0.09,0.09,0.045,0,6.357495,0.841
single_task,cost_only,eval_191,WAN,2,wan_ad_scalar16,WAN A/D scalar16,t4strict_pair_a_vs_d_40_200,scalar16,direct,unverifiable,3,950.0,0.0,1.26756,1,0,0.09,0.09,0.045,0,2.901829,0.991
single_task,cost_only,eval_192,WAN,2,wan_ad_scalar16,WAN A/D scalar16,t4strict_pair_a_vs_d_40_200,scalar16,direct,unverifiable,3,955.0,0.0,1.26954,1,0,0.09,0.09,0.045,0,2.901829,0.991
single_task,cost_only,eval_193,WAN,2,wan_ad_scalar16,WAN A/D scalar16,t4strict_pair_a_vs_d_40_200,scalar16,direct,unverifiable,3,960.0,0.0,1.26756,1,0,0.09,0.09,0.045,0,2.901829,0.991
single_task,cost_only,eval_194,WAN,2,wan_ad_scalar16,WAN A/D scalar16,t4strict_pair_a_vs_d_40_200,scalar16,direct,unverifiable,3,965.0,0.0,1.26756,1,0,0.09,0.09,0.045,0,2.901829,0.991
single_task,cost_only,eval_195,WAN,2,wan_ad_scalar16,WAN A/D scalar16,t4strict_pair_a_vs_d_40_200,scalar16,direct,unverifiable,3,970.0,0.0,1.26855,1,0,0.09,0.09,0.045,0,2.901829,0.991
single_task,cost_only,eval_196,WAN,2,wan_ad_scalar16,WAN A/D scalar16,t4strict_pair_a_vs_d_40_200,scalar16,direct,unverifiable,3,975.0,0.0,1.26459,1,1,0.09,0.09,0.045,0,6.357495,0.841
single_task,cost_only,eval_197,WAN,3,wan_ad_scalar16,WAN A/D scalar16,t4strict_pair_a_vs_d_40_200,scalar16,direct,unverifiable,3,980.0,0.0,1.28835,1,0,0.09,0.09,0.045,0,2.901829,0.991
single_task,cost_only,eval_198,WAN,3,wan_ad_scalar16,WAN A/D scalar16,t4strict_pair_a_vs_d_40_200,scalar16,direct,unverifiable,3,985.0,0.0,1.28637,1,0,0.09,0.09,0.045,0,2.901829,0.991
single_task,cost_only,eval_199,WAN,3,wan_ad_scalar16,WAN A/D scalar16,t4strict_pair_a_vs_d_40_200,scalar16,direct,unverifiable,3,990.0,0.0,1.28439,1,0,0.09,0.09,0.045,0,2.901829,0.991
single_task,cost_only,eval_200,WAN,2,wan_ad_scalar16,WAN A/D scalar16,t4strict_pair_a_vs_d_40_200,scalar16,direct,unverifiable,3,995.0,0.0,1.26756,1,0,0.09,0.09,0.045,0,2.901829,0.991
single_task,reputation_aware,eval_001,LAN,3,lan_ab_scalar16,LAN A/B scalar16,t4strict_pair_a_vs_b_40_200,scalar16,direct,unverifiable,3,0.0,0.0,1.05564,1,0,0.15,0.15,0.195,0,2.340788,0.985
single_task,reputation_aware,eval_002,LAN,3,lan_ab_scalar16,LAN A/B scalar16,t4strict_pair_a_vs_b_40_200,scalar16,direct,unverifiable,3,5.0,0.0,1.05758,1,0,0.15,0.15,0.195,0,2.340788,0.985
single_task,reputation_aware,eval_003,LAN,3,lan_ab_scalar16,LAN A/B scalar16,t4strict_pair_a_vs_b_40_200,scalar16,direct,unverifiable,3,10.0,0.0,1.05564,1,0,0.15,0.15,0.195,0,2.340788,0.985
single_task,reputation_aware,eval_004,LAN,3,lan_ab_scalar16,LAN A/B scalar16,t4strict_pair_a_vs_b_40_200,scalar16,direct,unverifiable,3,15.0,0.0,1.05564,1,0,0.15,0.15,0.195,0,2.340788,0.985
single_task,reputation_aware,eval_005,LAN,3,lan_ab_scalar16,LAN A/B scalar16,t4strict_pair_a_vs_b_40_200,scalar16,direct,unverifiable,3,20.0,0.0,1.05661,1,0,0.15,0.15,0.195,0,2.340788,0.985
single_task,reputation_aware,eval_006,LAN,2,lan_single_homo_scalar16,LAN single-node homo scalar16,single_homo,scalar16,direct,low-risk,1,25.0,0.0,0.85331,1,0,0.0,0.0,1.0,1,2.634826,1.0
single_task,reputation_aware,eval_007,LAN,3,lan_ab_scalar16,LAN A/B scalar16,t4strict_pair_a_vs_b_40_200,scalar16,direct,unverifiable,3,30.0,0.0,1.07601,1,0,0.15,0.15,0.195,0,2.340788,0.985
single_task,reputation_aware,eval_008,LAN,3,lan_ab_scalar16,LAN A/B scalar16,t4strict_pair_a_vs_b_40_200,scalar16,direct,unverifiable,3,35.0,0.0,1.07407,1,0,0.15,0.15,0.195,0,2.340788,0.985
single_task,reputation_aware,eval_009,LAN,3,lan_ab_scalar16,LAN A/B scalar16,t4strict_pair_a_vs_b_40_200,scalar16,direct,unverifiable,3,40.0,0.0,1.07213,1,0,0.15,0.15,0.195,0,2.340788,0.985
single_task,reputation_aware,eval_010,LAN,3,lan_ab_scalar16,LAN A/B scalar16,t4strict_pair_a_vs_b_40_200,scalar16,direct,unverifiable,3,45.0,0.0,1.05564,1,0,0.15,0.15,0.195,0,2.340788,0.985
single_task,reputation_aware,eval_011,LAN,1,lan_single_homo_scalar16,LAN single-node homo scalar16,single_homo,scalar16,direct,low-risk,1,50.0,0.0,0.83987,1,0,0.0,0.0,1.0,1,2.634826,1.0
single_task,reputation_aware,eval_012,LAN,1,lan_single_homo_scalar16,LAN single-node homo scalar16,single_homo,scalar16,direct,low-risk,1,55.0,0.0,0.84155,1,0,0.0,0.0,1.0,1,2.634826,1.0
single_task,reputation_aware,eval_013,LAN,1,lan_single_homo_scalar16,LAN single-node homo scalar16,single_homo,scalar16,direct,low-risk,1,60.0,0.0,0.83987,1,0,0.0,0.0,1.0,1,2.634826,1.0
single_task,reputation_aware,eval_014,LAN,1,lan_single_homo_scalar16,LAN single-node homo scalar16,single_homo,scalar16,direct,low-risk,1,65.0,0.0,0.83987,1,0,0.0,0.0,1.0,1,2.634826,1.0
single_task,reputation_aware,eval_015,LAN,1,lan_single_homo_scalar16,LAN single-node homo scalar16,single_homo,scalar16,direct,low-risk,1,70.0,0.0,0.84071,1,0,0.0,0.0,1.0,1,2.634826,1.0
single_task,reputation_aware,eval_016,LAN,1,lan_single_homo_scalar16,LAN single-node homo scalar16,single_homo,scalar16,direct,low-risk,1,75.0,0.0,0.83735,1,0,0.0,0.0,1.0,1,2.634826,1.0
single_task,reputation_aware,eval_017,LAN,3,lan_ab_scalar16,LAN A/B scalar16,t4strict_pair_a_vs_b_40_200,scalar16,direct,unverifiable,3,80.0,0.0,1.05758,1,0,0.15,0.15,0.195,0,2.340788,0.985
single_task,reputation_aware,eval_018,LAN,3,lan_ab_scalar16,LAN A/B scalar16,t4strict_pair_a_vs_b_40_200,scalar16,direct,unverifiable,3,85.0,0.0,1.05564,1,0,0.15,0.15,0.195,0,2.340788,0.985
single_task,reputation_aware,eval_019,LAN,2,lan_single_homo_scalar16,LAN single-node homo scalar16,single_homo,scalar16,direct,low-risk,1,90.0,0.0,0.85415,1,0,0.0,0.0,1.0,1,2.634826,1.0
single_task,reputation_aware,eval_020,LAN,1,lan_single_homo_scalar16,LAN single-node homo scalar16,single_homo,scalar16,direct,low-risk,1,95.0,0.0,0.83987,1,0,0.0,0.0,1.0,1,2.634826,1.0
single_task,reputation_aware,eval_021,LAN,1,lan_single_homo_scalar16,LAN single-node homo scalar16,single_homo,scalar16,direct,low-risk,1,100.0,0.0,0.83231,0,0,0.0,0.0,1.0,1,2.634826,0.0
single_task,reputation_aware,eval_022,LAN,1,lan_single_homo_scalar16,LAN single-node homo scalar16,single_homo,scalar16,direct,low-risk,1,105.0,0.0,0.83399,1,0,0.0,0.0,1.0,1,2.634826,1.0
single_task,reputation_aware,eval_023,LAN,1,lan_single_homo_scalar16,LAN single-node homo scalar16,single_homo,scalar16,direct,low-risk,1,110.0,0.0,0.83231,1,0,0.0,0.0,1.0,1,2.634826,1.0
single_task,reputation_aware,eval_024,LAN,1,lan_single_homo_scalar16,LAN single-node homo scalar16,single_homo,scalar16,direct,low-risk,1,115.0,0.0,0.83231,1,0,0.0,0.0,1.0,1,2.634826,1.0
single_task,reputation_aware,eval_025,LAN,1,lan_single_homo_scalar16,LAN single-node homo scalar16,single_homo,scalar16,direct,low-risk,1,120.0,0.0,0.83315,1,0,0.0,0.0,1.0,1,2.634826,1.0
single_task,reputation_aware,eval_026,LAN,1,lan_single_homo_scalar16,LAN single-node homo scalar16,single_homo,scalar16,direct,low-risk,1,125.0,0.0,0.82979,1,0,0.0,0.0,1.0,1,2.634826,1.0
single_task,reputation_aware,eval_027,LAN,2,lan_single_homo_scalar16,LAN single-node homo scalar16,single_homo,scalar16,direct,low-risk,1,130.0,0.0,0.84995,0,0,0.0,0.0,1.0,1,2.634826,0.0
single_task,reputation_aware,eval_028,LAN,2,lan_single_homo_scalar16,LAN single-node homo scalar16,single_homo,scalar16,direct,low-risk,1,135.0,0.0,0.84827,0,0,0.0,0.0,1.0,1,2.634826,0.0
single_task,reputation_aware,eval_029,LAN,2,lan_single_homo_scalar16,LAN single-node homo scalar16,single_homo,scalar16,direct,low-risk,1,140.0,0.0,0.84659,1,0,0.0,0.0,1.0,1,2.634826,1.0
single_task,reputation_aware,eval_030,LAN,1,lan_single_homo_scalar16,LAN single-node homo scalar16,single_homo,scalar16,direct,low-risk,1,145.0,0.0,0.83231,1,0,0.0,0.0,1.0,1,2.634826,1.0
single_task,reputation_aware,eval_031,LAN,2,lan_single_homo_scalar16,LAN single-node homo scalar16,single_homo,scalar16,direct,low-risk,1,150.0,0.0,0.84743,1,0,0.0,0.0,1.0,1,2.634826,1.0
single_task,reputation_aware,eval_032,LAN,2,lan_single_homo_scalar16,LAN single-node homo scalar16,single_homo,scalar16,direct,low-risk,1,155.0,0.0,0.84911,1,0,0.0,0.0,1.0,1,2.634826,1.0
single_task,reputation_aware,eval_033,LAN,2,lan_single_homo_scalar16,LAN single-node homo scalar16,single_homo,scalar16,direct,low-risk,1,160.0,0.0,0.84743,1,0,0.0,0.0,1.0,1,2.634826,1.0
single_task,reputation_aware,eval_034,LAN,2,lan_single_homo_scalar16,LAN single-node homo scalar16,single_homo,scalar16,direct,low-risk,1,165.0,0.0,0.84743,1,0,0.0,0.0,1.0,1,2.634826,1.0
single_task,reputation_aware,eval_035,LAN,2,lan_single_homo_scalar16,LAN single-node homo scalar16,single_homo,scalar16,direct,low-risk,1,170.0,0.0,0.84827,1,0,0.0,0.0,1.0,1,2.634826,1.0
single_task,reputation_aware,eval_036,LAN,2,lan_single_homo_scalar16,LAN single-node homo scalar16,single_homo,scalar16,direct,low-risk,1,175.0,0.0,0.84491,1,0,0.0,0.0,1.0,1,2.634826,1.0
single_task,reputation_aware,eval_037,LAN,3,lan_ab_scalar16,LAN A/B scalar16,t4strict_pair_a_vs_b_40_200,scalar16,direct,unverifiable,3,180.0,0.0,1.06631,1,0,0.15,0.15,0.195,0,2.340788,0.985
single_task,reputation_aware,eval_038,LAN,3,lan_ab_scalar16,LAN A/B scalar16,t4strict_pair_a_vs_b_40_200,scalar16,direct,unverifiable,3,185.0,0.0,1.06437,1,0,0.15,0.15,0.195,0,2.340788,0.985
single_task,reputation_aware,eval_039,LAN,3,lan_ab_scalar16,LAN A/B scalar16,t4strict_pair_a_vs_b_40_200,scalar16,direct,unverifiable,3,190.0,0.0,1.06243,1,0,0.15,0.15,0.195,0,2.340788,0.985
single_task,reputation_aware,eval_040,LAN,2,lan_single_homo_scalar16,LAN single-node homo scalar16,single_homo,scalar16,direct,low-risk,1,195.0,0.0,0.84743,1,0,0.0,0.0,1.0,1,2.634826,1.0
single_task,reputation_aware,eval_041,LAN,2,lan_single_homo_scalar16,LAN single-node homo scalar16,single_homo,scalar16,direct,low-risk,1,200.0,0.0,0.84743,1,0,0.0,0.0,1.0,1,2.634826,1.0
single_task,reputation_aware,eval_042,LAN,2,lan_single_homo_scalar16,LAN single-node homo scalar16,single_homo,scalar16,direct,low-risk,1,205.0,0.0,0.84911,1,0,0.0,0.0,1.0,1,2.634826,1.0
single_task,reputation_aware,eval_043,LAN,2,lan_single_homo_scalar16,LAN single-node homo scalar16,single_homo,scalar16,direct,low-risk,1,210.0,0.0,0.84743,1,0,0.0,0.0,1.0,1,2.634826,1.0
single_task,reputation_aware,eval_044,LAN,2,lan_single_homo_scalar16,LAN single-node homo scalar16,single_homo,scalar16,direct,low-risk,1,215.0,0.0,0.84743,1,0,0.0,0.0,1.0,1,2.634826,1.0
single_task,reputation_aware,eval_045,LAN,2,lan_single_homo_scalar16,LAN single-node homo scalar16,single_homo,scalar16,direct,low-risk,1,220.0,0.0,0.84827,1,0,0.0,0.0,1.0,1,2.634826,1.0
single_task,reputation_aware,eval_046,LAN,2,lan_single_homo_scalar16,LAN single-node homo scalar16,single_homo,scalar16,direct,low-risk,1,225.0,0.0,0.84491,1,0,0.0,0.0,1.0,1,2.634826,1.0
single_task,reputation_aware,eval_047,LAN,3,lan_ab_scalar16,LAN A/B scalar16,t4strict_pair_a_vs_b_40_200,scalar16,direct,unverifiable,3,230.0,0.0,1.06631,1,0,0.15,0.15,0.195,0,2.340788,0.985
single_task,reputation_aware,eval_048,LAN,3,lan_ab_scalar16,LAN A/B scalar16,t4strict_pair_a_vs_b_40_200,scalar16,direct,unverifiable,3,235.0,0.0,1.06437,1,0,0.15,0.15,0.195,0,2.340788,0.985
single_task,reputation_aware,eval_049,LAN,3,lan_ab_scalar16,LAN A/B scalar16,t4strict_pair_a_vs_b_40_200,scalar16,direct,unverifiable,3,240.0,0.0,1.06243,1,0,0.15,0.15,0.195,0,2.340788,0.985
single_task,reputation_aware,eval_050,LAN,2,lan_single_homo_scalar16,LAN single-node homo scalar16,single_homo,scalar16,direct,low-risk,1,245.0,0.0,0.84743,1,0,0.0,0.0,1.0,1,2.634826,1.0
single_task,reputation_aware,eval_051,LAN,3,lan_ab_scalar16,LAN A/B scalar16,t4strict_pair_a_vs_b_40_200,scalar16,direct,unverifiable,3,250.0,0.0,1.05661,1,0,0.15,0.15,0.195,0,2.340788,0.985
single_task,reputation_aware,eval_052,LAN,3,lan_ab_scalar16,LAN A/B scalar16,t4strict_pair_a_vs_b_40_200,scalar16,direct,unverifiable,3,255.0,0.0,1.05855,1,0,0.15,0.15,0.195,0,2.340788,0.985
single_task,reputation_aware,eval_053,LAN,3,lan_ab_scalar16,LAN A/B scalar16,t4strict_pair_a_vs_b_40_200,scalar16,direct,unverifiable,3,260.0,0.0,1.05661,1,0,0.15,0.15,0.195,0,2.340788,0.985
single_task,reputation_aware,eval_054,LAN,3,lan_ab_scalar16,LAN A/B scalar16,t4strict_pair_a_vs_b_40_200,scalar16,direct,unverifiable,3,265.0,0.0,1.05661,1,1,0.15,0.15,0.195,0,5.796454,0.835
single_task,reputation_aware,eval_055,LAN,3,lan_ab_scalar16,LAN A/B scalar16,t4strict_pair_a_vs_b_40_200,scalar16,direct,unverifiable,3,270.0,0.0,1.05758,1,0,0.15,0.15,0.195,0,2.340788,0.985
single_task,reputation_aware,eval_056,LAN,2,lan_single_homo_scalar16,LAN single-node homo scalar16,single_homo,scalar16,direct,low-risk,1,275.0,0.0,0.85415,1,0,0.0,0.0,1.0,1,2.634826,1.0
single_task,reputation_aware,eval_057,LAN,3,lan_ab_scalar16,LAN A/B scalar16,t4strict_pair_a_vs_b_40_200,scalar16,direct,unverifiable,3,280.0,0.0,1.07698,1,0,0.15,0.15,0.195,0,2.340788,0.985
single_task,reputation_aware,eval_058,LAN,3,lan_ab_scalar16,LAN A/B scalar16,t4strict_pair_a_vs_b_40_200,scalar16,direct,unverifiable,3,285.0,0.0,1.07504,1,0,0.15,0.15,0.195,0,2.340788,0.985
single_task,reputation_aware,eval_059,LAN,3,lan_ab_scalar16,LAN A/B scalar16,t4strict_pair_a_vs_b_40_200,scalar16,direct,unverifiable,3,290.0,0.0,1.0731,1,0,0.15,0.15,0.195,0,2.340788,0.985
single_task,reputation_aware,eval_060,LAN,3,lan_ab_scalar16,LAN A/B scalar16,t4strict_pair_a_vs_b_40_200,scalar16,direct,unverifiable,3,295.0,0.0,1.05661,1,0,0.15,0.15,0.195,0,2.340788,0.985
single_task,reputation_aware,eval_061,LAN,1,lan_single_homo_scalar16,LAN single-node homo scalar16,single_homo,scalar16,direct,low-risk,1,300.0,0.0,0.83231,1,0,0.0,0.0,1.0,1,2.634826,1.0
single_task,reputation_aware,eval_062,LAN,1,lan_single_homo_scalar16,LAN single-node homo scalar16,single_homo,scalar16,direct,low-risk,1,305.0,0.0,0.83399,1,0,0.0,0.0,1.0,1,2.634826,1.0
single_task,reputation_aware,eval_063,LAN,1,lan_single_homo_scalar16,LAN single-node homo scalar16,single_homo,scalar16,direct,low-risk,1,310.0,0.0,0.83231,1,0,0.0,0.0,1.0,1,2.634826,1.0
single_task,reputation_aware,eval_064,LAN,1,lan_single_homo_scalar16,LAN single-node homo scalar16,single_homo,scalar16,direct,low-risk,1,315.0,0.0,0.83231,1,0,0.0,0.0,1.0,1,2.634826,1.0
single_task,reputation_aware,eval_065,LAN,1,lan_single_homo_scalar16,LAN single-node homo scalar16,single_homo,scalar16,direct,low-risk,1,320.0,0.0,0.83315,1,0,0.0,0.0,1.0,1,2.634826,1.0
single_task,reputation_aware,eval_066,LAN,1,lan_single_homo_scalar16,LAN single-node homo scalar16,single_homo,scalar16,direct,low-risk,1,325.0,0.0,0.82979,1,0,0.0,0.0,1.0,1,2.634826,1.0
single_task,reputation_aware,eval_067,LAN,2,lan_single_homo_scalar16,LAN single-node homo scalar16,single_homo,scalar16,direct,low-risk,1,330.0,0.0,0.84995,1,0,0.0,0.0,1.0,1,2.634826,1.0
single_task,reputation_aware,eval_068,LAN,2,lan_single_homo_scalar16,LAN single-node homo scalar16,single_homo,scalar16,direct,low-risk,1,335.0,0.0,0.84827,1,0,0.0,0.0,1.0,1,2.634826,1.0
single_task,reputation_aware,eval_069,LAN,2,lan_single_homo_scalar16,LAN single-node homo scalar16,single_homo,scalar16,direct,low-risk,1,340.0,0.0,0.84659,1,0,0.0,0.0,1.0,1,2.634826,1.0
single_task,reputation_aware,eval_070,LAN,1,lan_single_homo_scalar16,LAN single-node homo scalar16,single_homo,scalar16,direct,low-risk,1,345.0,0.0,0.83231,1,0,0.0,0.0,1.0,1,2.634826,1.0
single_task,reputation_aware,eval_071,LAN,1,lan_single_homo_scalar16,LAN single-node homo scalar16,single_homo,scalar16,direct,low-risk,1,350.0,0.0,0.83315,1,0,0.0,0.0,1.0,1,2.634826,1.0
single_task,reputation_aware,eval_072,LAN,1,lan_single_homo_scalar16,LAN single-node homo scalar16,single_homo,scalar16,direct,low-risk,1,355.0,0.0,0.83483,1,0,0.0,0.0,1.0,1,2.634826,1.0
single_task,reputation_aware,eval_073,LAN,1,lan_single_homo_scalar16,LAN single-node homo scalar16,single_homo,scalar16,direct,low-risk,1,360.0,0.0,0.83315,1,0,0.0,0.0,1.0,1,2.634826,1.0
single_task,reputation_aware,eval_074,LAN,1,lan_single_homo_scalar16,LAN single-node homo scalar16,single_homo,scalar16,direct,low-risk,1,365.0,0.0,0.83315,1,0,0.0,0.0,1.0,1,2.634826,1.0
single_task,reputation_aware,eval_075,LAN,1,lan_single_homo_scalar16,LAN single-node homo scalar16,single_homo,scalar16,direct,low-risk,1,370.0,0.0,0.83399,1,0,0.0,0.0,1.0,1,2.634826,1.0
single_task,reputation_aware,eval_076,LAN,1,lan_single_homo_scalar16,LAN single-node homo scalar16,single_homo,scalar16,direct,low-risk,1,375.0,0.0,0.83063,1,0,0.0,0.0,1.0,1,2.634826,1.0
single_task,reputation_aware,eval_077,LAN,2,lan_single_homo_scalar16,LAN single-node homo scalar16,single_homo,scalar16,direct,low-risk,1,380.0,0.0,0.85079,1,0,0.0,0.0,1.0,1,2.634826,1.0
single_task,reputation_aware,eval_078,LAN,2,lan_single_homo_scalar16,LAN single-node homo scalar16,single_homo,scalar16,direct,low-risk,1,385.0,0.0,0.84911,1,0,0.0,0.0,1.0,1,2.634826,1.0
single_task,reputation_aware,eval_079,LAN,2,lan_single_homo_scalar16,LAN single-node homo scalar16,single_homo,scalar16,direct,low-risk,1,390.0,0.0,0.84743,0,0,0.0,0.0,1.0,1,2.634826,0.0
single_task,reputation_aware,eval_080,LAN,1,lan_single_homo_scalar16,LAN single-node homo scalar16,single_homo,scalar16,direct,low-risk,1,395.0,0.0,0.83315,1,0,0.0,0.0,1.0,1,2.634826,1.0
single_task,reputation_aware,eval_081,LAN,1,lan_single_homo_scalar16,LAN single-node homo scalar16,single_homo,scalar16,direct,low-risk,1,400.0,0.0,0.83987,0,0,0.0,0.0,1.0,1,2.634826,0.0
single_task,reputation_aware,eval_082,LAN,1,lan_single_homo_scalar16,LAN single-node homo scalar16,single_homo,scalar16,direct,low-risk,1,405.0,0.0,0.84155,1,0,0.0,0.0,1.0,1,2.634826,1.0
single_task,reputation_aware,eval_083,LAN,1,lan_single_homo_scalar16,LAN single-node homo scalar16,single_homo,scalar16,direct,low-risk,1,410.0,0.0,0.83987,1,0,0.0,0.0,1.0,1,2.634826,1.0
single_task,reputation_aware,eval_084,LAN,1,lan_single_homo_scalar16,LAN single-node homo scalar16,single_homo,scalar16,direct,low-risk,1,415.0,0.0,0.83987,1,0,0.0,0.0,1.0,1,2.634826,1.0
single_task,reputation_aware,eval_085,LAN,1,lan_single_homo_scalar16,LAN single-node homo scalar16,single_homo,scalar16,direct,low-risk,1,420.0,0.0,0.84071,1,0,0.0,0.0,1.0,1,2.634826,1.0
single_task,reputation_aware,eval_086,LAN,1,lan_single_homo_scalar16,LAN single-node homo scalar16,single_homo,scalar16,direct,low-risk,1,425.0,0.0,0.83735,1,0,0.0,0.0,1.0,1,2.634826,1.0
single_task,reputation_aware,eval_087,LAN,3,lan_ab_scalar16,LAN A/B scalar16,t4strict_pair_a_vs_b_40_200,scalar16,direct,unverifiable,3,430.0,0.0,1.05758,0,0,0.15,0.15,0.195,0,2.340788,-0.015
single_task,reputation_aware,eval_088,LAN,3,lan_ab_scalar16,LAN A/B scalar16,t4strict_pair_a_vs_b_40_200,scalar16,direct,unverifiable,3,435.0,0.0,1.05564,0,0,0.15,0.15,0.195,0,2.340788,-0.015
single_task,reputation_aware,eval_089,LAN,2,lan_single_homo_scalar16,LAN single-node homo scalar16,single_homo,scalar16,direct,low-risk,1,440.0,0.0,0.85415,1,0,0.0,0.0,1.0,1,2.634826,1.0
single_task,reputation_aware,eval_090,LAN,1,lan_single_homo_scalar16,LAN single-node homo scalar16,single_homo,scalar16,direct,low-risk,1,445.0,0.0,0.83987,1,0,0.0,0.0,1.0,1,2.634826,1.0
single_task,reputation_aware,eval_091,LAN,1,lan_single_homo_scalar16,LAN single-node homo scalar16,single_homo,scalar16,direct,low-risk,1,450.0,0.0,0.84155,1,0,0.0,0.0,1.0,1,2.634826,1.0
single_task,reputation_aware,eval_092,LAN,2,lan_single_homo_scalar16,LAN single-node homo scalar16,single_homo,scalar16,direct,low-risk,1,455.0,0.0,0.84323,1,0,0.0,0.0,1.0,1,2.634826,1.0
single_task,reputation_aware,eval_093,LAN,1,lan_single_homo_scalar16,LAN single-node homo scalar16,single_homo,scalar16,direct,low-risk,1,460.0,0.0,0.84155,1,0,0.0,0.0,1.0,1,2.634826,1.0
single_task,reputation_aware,eval_094,LAN,1,lan_single_homo_scalar16,LAN single-node homo scalar16,single_homo,scalar16,direct,low-risk,1,465.0,0.0,0.84155,1,0,0.0,0.0,1.0,1,2.634826,1.0
single_task,reputation_aware,eval_095,LAN,2,lan_single_homo_scalar16,LAN single-node homo scalar16,single_homo,scalar16,direct,low-risk,1,470.0,0.0,0.84239,1,0,0.0,0.0,1.0,1,2.634826,1.0
single_task,reputation_aware,eval_096,LAN,1,lan_single_homo_scalar16,LAN single-node homo scalar16,single_homo,scalar16,direct,low-risk,1,475.0,0.0,0.83903,1,0,0.0,0.0,1.0,1,2.634826,1.0
single_task,reputation_aware,eval_097,LAN,3,lan_ab_scalar16,LAN A/B scalar16,t4strict_pair_a_vs_b_40_200,scalar16,direct,unverifiable,3,480.0,0.0,1.05952,1,0,0.15,0.15,0.195,0,2.340788,0.985
single_task,reputation_aware,eval_098,LAN,3,lan_ab_scalar16,LAN A/B scalar16,t4strict_pair_a_vs_b_40_200,scalar16,direct,unverifiable,3,485.0,0.0,1.05758,1,0,0.15,0.15,0.195,0,2.340788,0.985
single_task,reputation_aware,eval_099,LAN,3,lan_ab_scalar16,LAN A/B scalar16,t4strict_pair_a_vs_b_40_200,scalar16,direct,unverifiable,3,490.0,0.0,1.05564,1,0,0.15,0.15,0.195,0,2.340788,0.985
single_task,reputation_aware,eval_100,LAN,1,lan_single_homo_scalar16,LAN single-node homo scalar16,single_homo,scalar16,direct,low-risk,1,495.0,0.0,0.84155,1,0,0.0,0.0,1.0,1,2.634826,1.0
single_task,reputation_aware,eval_101,LAN,1,lan_single_homo_scalar16,LAN single-node homo scalar16,single_homo,scalar16,direct,low-risk,1,500.0,0.0,0.83399,1,0,0.0,0.0,1.0,1,2.634826,1.0
single_task,reputation_aware,eval_102,LAN,1,lan_single_homo_scalar16,LAN single-node homo scalar16,single_homo,scalar16,direct,low-risk,1,505.0,0.0,0.83567,1,0,0.0,0.0,1.0,1,2.634826,1.0
single_task,reputation_aware,eval_103,LAN,1,lan_single_homo_scalar16,LAN single-node homo scalar16,single_homo,scalar16,direct,low-risk,1,510.0,0.0,0.83399,1,0,0.0,0.0,1.0,1,2.634826,1.0
single_task,reputation_aware,eval_104,LAN,1,lan_single_homo_scalar16,LAN single-node homo scalar16,single_homo,scalar16,direct,low-risk,1,515.0,0.0,0.83399,1,0,0.0,0.0,1.0,1,2.634826,1.0
single_task,reputation_aware,eval_105,LAN,1,lan_single_homo_scalar16,LAN single-node homo scalar16,single_homo,scalar16,direct,low-risk,1,520.0,0.0,0.83483,1,0,0.0,0.0,1.0,1,2.634826,1.0
single_task,reputation_aware,eval_106,LAN,1,lan_single_homo_scalar16,LAN single-node homo scalar16,single_homo,scalar16,direct,low-risk,1,525.0,0.0,0.83147,1,0,0.0,0.0,1.0,1,2.634826,1.0
single_task,reputation_aware,eval_107,LAN,2,lan_single_homo_scalar16,LAN single-node homo scalar16,single_homo,scalar16,direct,low-risk,1,530.0,0.0,0.85163,1,0,0.0,0.0,1.0,1,2.634826,1.0
single_task,reputation_aware,eval_108,LAN,2,lan_single_homo_scalar16,LAN single-node homo scalar16,single_homo,scalar16,direct,low-risk,1,535.0,0.0,0.84995,0,0,0.0,0.0,1.0,1,2.634826,0.0
single_task,reputation_aware,eval_109,LAN,2,lan_single_homo_scalar16,LAN single-node homo scalar16,single_homo,scalar16,direct,low-risk,1,540.0,0.0,0.84827,1,0,0.0,0.0,1.0,1,2.634826,1.0
single_task,reputation_aware,eval_110,LAN,1,lan_single_homo_scalar16,LAN single-node homo scalar16,single_homo,scalar16,direct,low-risk,1,545.0,0.0,0.83399,1,0,0.0,0.0,1.0,1,2.634826,1.0
single_task,reputation_aware,eval_111,LAN,1,lan_single_homo_scalar16,LAN single-node homo scalar16,single_homo,scalar16,direct,low-risk,1,550.0,0.0,0.83483,1,0,0.0,0.0,1.0,1,2.634826,1.0
single_task,reputation_aware,eval_112,LAN,1,lan_single_homo_scalar16,LAN single-node homo scalar16,single_homo,scalar16,direct,low-risk,1,555.0,0.0,0.83651,1,0,0.0,0.0,1.0,1,2.634826,1.0
single_task,reputation_aware,eval_113,LAN,1,lan_single_homo_scalar16,LAN single-node homo scalar16,single_homo,scalar16,direct,low-risk,1,560.0,0.0,0.83483,1,0,0.0,0.0,1.0,1,2.634826,1.0
single_task,reputation_aware,eval_114,LAN,1,lan_single_homo_scalar16,LAN single-node homo scalar16,single_homo,scalar16,direct,low-risk,1,565.0,0.0,0.83483,1,0,0.0,0.0,1.0,1,2.634826,1.0
single_task,reputation_aware,eval_115,LAN,1,lan_single_homo_scalar16,LAN single-node homo scalar16,single_homo,scalar16,direct,low-risk,1,570.0,0.0,0.83567,1,0,0.0,0.0,1.0,1,2.634826,1.0
single_task,reputation_aware,eval_116,LAN,1,lan_single_homo_scalar16,LAN single-node homo scalar16,single_homo,scalar16,direct,low-risk,1,575.0,0.0,0.83231,1,0,0.0,0.0,1.0,1,2.634826,1.0
single_task,reputation_aware,eval_117,LAN,2,lan_single_homo_scalar16,LAN single-node homo scalar16,single_homo,scalar16,direct,low-risk,1,580.0,0.0,0.85247,1,0,0.0,0.0,1.0,1,2.634826,1.0
single_task,reputation_aware,eval_118,LAN,2,lan_single_homo_scalar16,LAN single-node homo scalar16,single_homo,scalar16,direct,low-risk,1,585.0,0.0,0.85079,1,0,0.0,0.0,1.0,1,2.634826,1.0
single_task,reputation_aware,eval_119,LAN,2,lan_single_homo_scalar16,LAN single-node homo scalar16,single_homo,scalar16,direct,low-risk,1,590.0,0.0,0.84911,0,0,0.0,0.0,1.0,1,2.634826,0.0
single_task,reputation_aware,eval_120,LAN,1,lan_single_homo_scalar16,LAN single-node homo scalar16,single_homo,scalar16,direct,low-risk,1,595.0,0.0,0.83483,1,0,0.0,0.0,1.0,1,2.634826,1.0
single_task,reputation_aware,eval_121,LAN,1,lan_single_homo_scalar16,LAN single-node homo scalar16,single_homo,scalar16,direct,low-risk,1,600.0,0.0,0.83987,1,0,0.0,0.0,1.0,1,2.634826,1.0
single_task,reputation_aware,eval_122,LAN,1,lan_single_homo_scalar16,LAN single-node homo scalar16,single_homo,scalar16,direct,low-risk,1,605.0,0.0,0.84155,1,0,0.0,0.0,1.0,1,2.634826,1.0
single_task,reputation_aware,eval_123,LAN,1,lan_single_homo_scalar16,LAN single-node homo scalar16,single_homo,scalar16,direct,low-risk,1,610.0,0.0,0.83987,1,0,0.0,0.0,1.0,1,2.634826,1.0
single_task,reputation_aware,eval_124,LAN,1,lan_single_homo_scalar16,LAN single-node homo scalar16,single_homo,scalar16,direct,low-risk,1,615.0,0.0,0.83987,1,0,0.0,0.0,1.0,1,2.634826,1.0
single_task,reputation_aware,eval_125,LAN,1,lan_single_homo_scalar16,LAN single-node homo scalar16,single_homo,scalar16,direct,low-risk,1,620.0,0.0,0.84071,1,0,0.0,0.0,1.0,1,2.634826,1.0
single_task,reputation_aware,eval_126,LAN,1,lan_single_homo_scalar16,LAN single-node homo scalar16,single_homo,scalar16,direct,low-risk,1,625.0,0.0,0.83735,1,0,0.0,0.0,1.0,1,2.634826,1.0
single_task,reputation_aware,eval_127,LAN,3,lan_ab_scalar16,LAN A/B scalar16,t4strict_pair_a_vs_b_40_200,scalar16,direct,unverifiable,3,630.0,0.0,1.05758,1,0,0.15,0.15,0.195,0,2.340788,0.985
single_task,reputation_aware,eval_128,LAN,3,lan_ab_scalar16,LAN A/B scalar16,t4strict_pair_a_vs_b_40_200,scalar16,direct,unverifiable,3,635.0,0.0,1.05564,1,0,0.15,0.15,0.195,0,2.340788,0.985
single_task,reputation_aware,eval_129,LAN,2,lan_single_homo_scalar16,LAN single-node homo scalar16,single_homo,scalar16,direct,low-risk,1,640.0,0.0,0.85415,0,0,0.0,0.0,1.0,1,2.634826,0.0
single_task,reputation_aware,eval_130,LAN,1,lan_single_homo_scalar16,LAN single-node homo scalar16,single_homo,scalar16,direct,low-risk,1,645.0,0.0,0.83987,1,0,0.0,0.0,1.0,1,2.634826,1.0
single_task,reputation_aware,eval_131,LAN,2,lan_single_homo_scalar16,LAN single-node homo scalar16,single_homo,scalar16,direct,low-risk,1,650.0,0.0,0.84407,1,0,0.0,0.0,1.0,1,2.634826,1.0
single_task,reputation_aware,eval_132,LAN,2,lan_single_homo_scalar16,LAN single-node homo scalar16,single_homo,scalar16,direct,low-risk,1,655.0,0.0,0.84575,1,0,0.0,0.0,1.0,1,2.634826,1.0
single_task,reputation_aware,eval_133,LAN,2,lan_single_homo_scalar16,LAN single-node homo scalar16,single_homo,scalar16,direct,low-risk,1,660.0,0.0,0.84407,1,0,0.0,0.0,1.0,1,2.634826,1.0
single_task,reputation_aware,eval_134,LAN,2,lan_single_homo_scalar16,LAN single-node homo scalar16,single_homo,scalar16,direct,low-risk,1,665.0,0.0,0.84407,1,0,0.0,0.0,1.0,1,2.634826,1.0
single_task,reputation_aware,eval_135,LAN,2,lan_single_homo_scalar16,LAN single-node homo scalar16,single_homo,scalar16,direct,low-risk,1,670.0,0.0,0.84491,1,0,0.0,0.0,1.0,1,2.634826,1.0
single_task,reputation_aware,eval_136,LAN,1,lan_single_homo_scalar16,LAN single-node homo scalar16,single_homo,scalar16,direct,low-risk,1,675.0,0.0,0.84155,1,0,0.0,0.0,1.0,1,2.634826,1.0
single_task,reputation_aware,eval_137,LAN,3,lan_ab_scalar16,LAN A/B scalar16,t4strict_pair_a_vs_b_40_200,scalar16,direct,unverifiable,3,680.0,0.0,1.06243,1,0,0.15,0.15,0.195,0,2.340788,0.985
single_task,reputation_aware,eval_138,LAN,3,lan_ab_scalar16,LAN A/B scalar16,t4strict_pair_a_vs_b_40_200,scalar16,direct,unverifiable,3,685.0,0.0,1.06049,1,0,0.15,0.15,0.195,0,2.340788,0.985
single_task,reputation_aware,eval_139,LAN,3,lan_ab_scalar16,LAN A/B scalar16,t4strict_pair_a_vs_b_40_200,scalar16,direct,unverifiable,3,690.0,0.0,1.05855,1,0,0.15,0.15,0.195,0,2.340788,0.985
single_task,reputation_aware,eval_140,LAN,2,lan_single_homo_scalar16,LAN single-node homo scalar16,single_homo,scalar16,direct,low-risk,1,695.0,0.0,0.84407,1,0,0.0,0.0,1.0,1,2.634826,1.0
single_task,reputation_aware,eval_141,WAN,1,wan_ad_scalar16,WAN A/D scalar16,t4strict_pair_a_vs_d_40_200,scalar16,direct,unverifiable,3,700.0,0.0,1.24875,1,0,0.09,0.09,0.045,0,2.901829,0.991
single_task,reputation_aware,eval_142,WAN,1,wan_ad_scalar16,WAN A/D scalar16,t4strict_pair_a_vs_d_40_200,scalar16,direct,unverifiable,3,705.0,0.0,1.25073,1,0,0.09,0.09,0.045,0,2.901829,0.991
single_task,reputation_aware,eval_143,WAN,1,wan_ad_scalar16,WAN A/D scalar16,t4strict_pair_a_vs_d_40_200,scalar16,direct,unverifiable,3,710.0,0.0,1.24875,1,0,0.09,0.09,0.045,0,2.901829,0.991
single_task,reputation_aware,eval_144,WAN,1,wan_ad_scalar16,WAN A/D scalar16,t4strict_pair_a_vs_d_40_200,scalar16,direct,unverifiable,3,715.0,0.0,1.24875,1,0,0.09,0.09,0.045,0,2.901829,0.991
single_task,reputation_aware,eval_145,WAN,1,wan_ad_scalar16,WAN A/D scalar16,t4strict_pair_a_vs_d_40_200,scalar16,direct,unverifiable,3,720.0,0.0,1.24974,1,1,0.09,0.09,0.045,0,6.357495,0.841
single_task,reputation_aware,eval_146,WAN,1,wan_ad_scalar16,WAN A/D scalar16,t4strict_pair_a_vs_d_40_200,scalar16,direct,unverifiable,3,725.0,0.0,1.24578,1,0,0.09,0.09,0.045,0,2.901829,0.991
single_task,reputation_aware,eval_147,WAN,2,wan_ad_scalar16,WAN A/D scalar16,t4strict_pair_a_vs_d_40_200,scalar16,direct,unverifiable,3,730.0,0.0,1.26954,1,0,0.09,0.09,0.045,0,2.901829,0.991
single_task,reputation_aware,eval_148,WAN,2,wan_ad_scalar16,WAN A/D scalar16,t4strict_pair_a_vs_d_40_200,scalar16,direct,unverifiable,3,735.0,0.0,1.26756,1,0,0.09,0.09,0.045,0,2.901829,0.991
single_task,reputation_aware,eval_149,WAN,2,wan_ad_scalar16,WAN A/D scalar16,t4strict_pair_a_vs_d_40_200,scalar16,direct,unverifiable,3,740.0,0.0,1.26558,1,0,0.09,0.09,0.045,0,2.901829,0.991
single_task,reputation_aware,eval_150,WAN,1,wan_ad_scalar16,WAN A/D scalar16,t4strict_pair_a_vs_d_40_200,scalar16,direct,unverifiable,3,745.0,0.0,1.24875,1,0,0.09,0.09,0.045,0,2.901829,0.991
single_task,reputation_aware,eval_151,WAN,1,wan_ad_scalar16,WAN A/D scalar16,t4strict_pair_a_vs_d_40_200,scalar16,direct,unverifiable,3,750.0,0.0,1.25172,1,1,0.09,0.09,0.045,0,6.357495,0.841
single_task,reputation_aware,eval_152,WAN,1,wan_ad_scalar16,WAN A/D scalar16,t4strict_pair_a_vs_d_40_200,scalar16,direct,unverifiable,3,755.0,0.0,1.2537,0,0,0.09,0.09,0.045,0,2.901829,-0.009
single_task,reputation_aware,eval_153,WAN,1,wan_ad_scalar16,WAN A/D scalar16,t4strict_pair_a_vs_d_40_200,scalar16,direct,unverifiable,3,760.0,0.0,1.25172,1,0,0.09,0.09,0.045,0,2.901829,0.991
single_task,reputation_aware,eval_154,WAN,1,wan_ad_scalar16,WAN A/D scalar16,t4strict_pair_a_vs_d_40_200,scalar16,direct,unverifiable,3,765.0,0.0,1.25172,1,1,0.09,0.09,0.045,0,6.357495,0.841
single_task,reputation_aware,eval_155,WAN,1,wan_ad_scalar16,WAN A/D scalar16,t4strict_pair_a_vs_d_40_200,scalar16,direct,unverifiable,3,770.0,0.0,1.25271,1,0,0.09,0.09,0.045,0,2.901829,0.991
single_task,reputation_aware,eval_156,WAN,1,wan_ad_scalar16,WAN A/D scalar16,t4strict_pair_a_vs_d_40_200,scalar16,direct,unverifiable,3,775.0,0.0,1.24875,1,0,0.09,0.09,0.045,0,2.901829,0.991
single_task,reputation_aware,eval_157,WAN,2,wan_ad_scalar16,WAN A/D scalar16,t4strict_pair_a_vs_d_40_200,scalar16,direct,unverifiable,3,780.0,0.0,1.27251,1,0,0.09,0.09,0.045,0,2.901829,0.991
single_task,reputation_aware,eval_158,WAN,2,wan_ad_scalar16,WAN A/D scalar16,t4strict_pair_a_vs_d_40_200,scalar16,direct,unverifiable,3,785.0,0.0,1.27053,1,1,0.09,0.09,0.045,0,6.357495,0.841
single_task,reputation_aware,eval_159,WAN,2,wan_ad_scalar16,WAN A/D scalar16,t4strict_pair_a_vs_d_40_200,scalar16,direct,unverifiable,3,790.0,0.0,1.26855,1,0,0.09,0.09,0.045,0,2.901829,0.991
single_task,reputation_aware,eval_160,WAN,1,wan_ad_scalar16,WAN A/D scalar16,t4strict_pair_a_vs_d_40_200,scalar16,direct,unverifiable,3,795.0,0.0,1.25172,1,0,0.09,0.09,0.045,0,2.901829,0.991
single_task,reputation_aware,eval_161,WAN,2,wan_ad_scalar16,WAN A/D scalar16,t4strict_pair_a_vs_d_40_200,scalar16,direct,unverifiable,3,800.0,0.0,1.26162,1,0,0.09,0.09,0.045,0,2.901829,0.991
single_task,reputation_aware,eval_162,WAN,2,wan_ad_scalar16,WAN A/D scalar16,t4strict_pair_a_vs_d_40_200,scalar16,direct,unverifiable,3,805.0,0.0,1.2636,1,0,0.09,0.09,0.045,0,2.901829,0.991
single_task,reputation_aware,eval_163,WAN,2,wan_ad_scalar16,WAN A/D scalar16,t4strict_pair_a_vs_d_40_200,scalar16,direct,unverifiable,3,810.0,0.0,1.26162,1,0,0.09,0.09,0.045,0,2.901829,0.991
single_task,reputation_aware,eval_164,WAN,2,wan_ad_scalar16,WAN A/D scalar16,t4strict_pair_a_vs_d_40_200,scalar16,direct,unverifiable,3,815.0,0.0,1.26162,1,0,0.09,0.09,0.045,0,2.901829,0.991
single_task,reputation_aware,eval_165,WAN,2,wan_ad_scalar16,WAN A/D scalar16,t4strict_pair_a_vs_d_40_200,scalar16,direct,unverifiable,3,820.0,0.0,1.26261,1,0,0.09,0.09,0.045,0,2.901829,0.991
single_task,reputation_aware,eval_166,WAN,1,wan_ad_scalar16,WAN A/D scalar16,t4strict_pair_a_vs_d_40_200,scalar16,direct,unverifiable,3,825.0,0.0,1.25865,1,0,0.09,0.09,0.045,0,2.901829,0.991
single_task,reputation_aware,eval_167,WAN,3,wan_ad_scalar16,WAN A/D scalar16,t4strict_pair_a_vs_d_40_200,scalar16,direct,unverifiable,3,830.0,0.0,1.28241,1,0,0.09,0.09,0.045,0,2.901829,0.991
single_task,reputation_aware,eval_168,WAN,3,wan_ad_scalar16,WAN A/D scalar16,t4strict_pair_a_vs_d_40_200,scalar16,direct,unverifiable,3,835.0,0.0,1.28043,1,0,0.09,0.09,0.045,0,2.901829,0.991
single_task,reputation_aware,eval_169,WAN,3,wan_ad_scalar16,WAN A/D scalar16,t4strict_pair_a_vs_d_40_200,scalar16,direct,unverifiable,3,840.0,0.0,1.27845,1,0,0.09,0.09,0.045,0,2.901829,0.991
single_task,reputation_aware,eval_170,WAN,2,wan_ad_scalar16,WAN A/D scalar16,t4strict_pair_a_vs_d_40_200,scalar16,direct,unverifiable,3,845.0,0.0,1.26162,1,0,0.09,0.09,0.045,0,2.901829,0.991
single_task,reputation_aware,eval_171,WAN,1,wan_ad_scalar16,WAN A/D scalar16,t4strict_pair_a_vs_d_40_200,scalar16,direct,unverifiable,3,850.0,0.0,1.25865,1,0,0.09,0.09,0.045,0,2.901829,0.991
single_task,reputation_aware,eval_172,WAN,2,wan_ad_scalar16,WAN A/D scalar16,t4strict_pair_a_vs_d_40_200,scalar16,direct,unverifiable,3,855.0,0.0,1.26063,1,0,0.09,0.09,0.045,0,2.901829,0.991
single_task,reputation_aware,eval_173,WAN,1,wan_ad_scalar16,WAN A/D scalar16,t4strict_pair_a_vs_d_40_200,scalar16,direct,unverifiable,3,860.0,0.0,1.25865,1,0,0.09,0.09,0.045,0,2.901829,0.991
single_task,reputation_aware,eval_174,WAN,1,wan_ad_scalar16,WAN A/D scalar16,t4strict_pair_a_vs_d_40_200,scalar16,direct,unverifiable,3,865.0,0.0,1.25865,1,0,0.09,0.09,0.045,0,2.901829,0.991
single_task,reputation_aware,eval_175,WAN,2,wan_ad_scalar16,WAN A/D scalar16,t4strict_pair_a_vs_d_40_200,scalar16,direct,unverifiable,3,870.0,0.0,1.25964,1,0,0.09,0.09,0.045,0,2.901829,0.991
single_task,reputation_aware,eval_176,WAN,1,wan_ad_scalar16,WAN A/D scalar16,t4strict_pair_a_vs_d_40_200,scalar16,direct,unverifiable,3,875.0,0.0,1.25568,1,0,0.09,0.09,0.045,0,2.901829,0.991
single_task,reputation_aware,eval_177,WAN,3,wan_ad_scalar16,WAN A/D scalar16,t4strict_pair_a_vs_d_40_200,scalar16,direct,unverifiable,3,880.0,0.0,1.27944,1,0,0.09,0.09,0.045,0,2.901829,0.991
single_task,reputation_aware,eval_178,WAN,3,wan_ad_scalar16,WAN A/D scalar16,t4strict_pair_a_vs_d_40_200,scalar16,direct,unverifiable,3,885.0,0.0,1.27746,1,0,0.09,0.09,0.045,0,2.901829,0.991
single_task,reputation_aware,eval_179,WAN,3,wan_ad_scalar16,WAN A/D scalar16,t4strict_pair_a_vs_d_40_200,scalar16,direct,unverifiable,3,890.0,0.0,1.27548,1,1,0.09,0.09,0.045,0,6.357495,0.841
single_task,reputation_aware,eval_180,WAN,1,wan_ad_scalar16,WAN A/D scalar16,t4strict_pair_a_vs_d_40_200,scalar16,direct,unverifiable,3,895.0,0.0,1.25865,1,0,0.09,0.09,0.045,0,2.901829,0.991
single_task,reputation_aware,eval_181,WAN,2,wan_ad_scalar16,WAN A/D scalar16,t4strict_pair_a_vs_d_40_200,scalar16,direct,unverifiable,3,900.0,0.0,1.26756,1,0,0.09,0.09,0.045,0,2.901829,0.991
single_task,reputation_aware,eval_182,WAN,2,wan_ad_scalar16,WAN A/D scalar16,t4strict_pair_a_vs_d_40_200,scalar16,direct,unverifiable,3,905.0,0.0,1.26954,1,0,0.09,0.09,0.045,0,2.901829,0.991
single_task,reputation_aware,eval_183,WAN,2,wan_ad_scalar16,WAN A/D scalar16,t4strict_pair_a_vs_d_40_200,scalar16,direct,unverifiable,3,910.0,0.0,1.26756,1,0,0.09,0.09,0.045,0,2.901829,0.991
single_task,reputation_aware,eval_184,WAN,2,wan_ad_scalar16,WAN A/D scalar16,t4strict_pair_a_vs_d_40_200,scalar16,direct,unverifiable,3,915.0,0.0,1.26756,1,0,0.09,0.09,0.045,0,2.901829,0.991
single_task,reputation_aware,eval_185,WAN,2,wan_ad_scalar16,WAN A/D scalar16,t4strict_pair_a_vs_d_40_200,scalar16,direct,unverifiable,3,920.0,0.0,1.26855,1,0,0.09,0.09,0.045,0,2.901829,0.991
single_task,reputation_aware,eval_186,WAN,2,wan_ad_scalar16,WAN A/D scalar16,t4strict_pair_a_vs_d_40_200,scalar16,direct,unverifiable,3,925.0,0.0,1.26459,1,0,0.09,0.09,0.045,0,2.901829,0.991
single_task,reputation_aware,eval_187,WAN,3,wan_ad_scalar16,WAN A/D scalar16,t4strict_pair_a_vs_d_40_200,scalar16,direct,unverifiable,3,930.0,0.0,1.28835,0,0,0.09,0.09,0.045,0,2.901829,-0.009
single_task,reputation_aware,eval_188,WAN,3,wan_ad_scalar16,WAN A/D scalar16,t4strict_pair_a_vs_d_40_200,scalar16,direct,unverifiable,3,935.0,0.0,1.28637,1,1,0.09,0.09,0.045,0,6.357495,0.841
single_task,reputation_aware,eval_189,WAN,3,wan_ad_scalar16,WAN A/D scalar16,t4strict_pair_a_vs_d_40_200,scalar16,direct,unverifiable,3,940.0,0.0,1.28439,1,0,0.09,0.09,0.045,0,2.901829,0.991
single_task,reputation_aware,eval_190,WAN,2,wan_ad_scalar16,WAN A/D scalar16,t4strict_pair_a_vs_d_40_200,scalar16,direct,unverifiable,3,945.0,0.0,1.26756,1,0,0.09,0.09,0.045,0,2.901829,0.991
single_task,reputation_aware,eval_191,WAN,2,wan_ad_scalar16,WAN A/D scalar16,t4strict_pair_a_vs_d_40_200,scalar16,direct,unverifiable,3,950.0,0.0,1.26756,1,0,0.09,0.09,0.045,0,2.901829,0.991
single_task,reputation_aware,eval_192,WAN,2,wan_ad_scalar16,WAN A/D scalar16,t4strict_pair_a_vs_d_40_200,scalar16,direct,unverifiable,3,955.0,0.0,1.26954,1,0,0.09,0.09,0.045,0,2.901829,0.991
single_task,reputation_aware,eval_193,WAN,2,wan_ad_scalar16,WAN A/D scalar16,t4strict_pair_a_vs_d_40_200,scalar16,direct,unverifiable,3,960.0,0.0,1.26756,1,0,0.09,0.09,0.045,0,2.901829,0.991
single_task,reputation_aware,eval_194,WAN,2,wan_ad_scalar16,WAN A/D scalar16,t4strict_pair_a_vs_d_40_200,scalar16,direct,unverifiable,3,965.0,0.0,1.26756,1,0,0.09,0.09,0.045,0,2.901829,0.991
single_task,reputation_aware,eval_195,WAN,2,wan_ad_scalar16,WAN A/D scalar16,t4strict_pair_a_vs_d_40_200,scalar16,direct,unverifiable,3,970.0,0.0,1.26855,0,0,0.09,0.09,0.045,0,2.901829,-0.009
single_task,reputation_aware,eval_196,WAN,2,wan_ad_scalar16,WAN A/D scalar16,t4strict_pair_a_vs_d_40_200,scalar16,direct,unverifiable,3,975.0,0.0,1.26459,1,0,0.09,0.09,0.045,0,2.901829,0.991
single_task,reputation_aware,eval_197,WAN,3,wan_ad_scalar16,WAN A/D scalar16,t4strict_pair_a_vs_d_40_200,scalar16,direct,unverifiable,3,980.0,0.0,1.28835,1,0,0.09,0.09,0.045,0,2.901829,0.991
single_task,reputation_aware,eval_198,WAN,3,wan_ad_scalar16,WAN A/D scalar16,t4strict_pair_a_vs_d_40_200,scalar16,direct,unverifiable,3,985.0,0.0,1.28637,1,0,0.09,0.09,0.045,0,2.901829,0.991
single_task,reputation_aware,eval_199,WAN,3,wan_ad_scalar16,WAN A/D scalar16,t4strict_pair_a_vs_d_40_200,scalar16,direct,unverifiable,3,990.0,0.0,1.28439,1,0,0.09,0.09,0.045,0,2.901829,0.991
single_task,reputation_aware,eval_200,WAN,2,wan_ad_scalar16,WAN A/D scalar16,t4strict_pair_a_vs_d_40_200,scalar16,direct,unverifiable,3,995.0,0.0,1.26756,1,0,0.09,0.09,0.045,0,2.901829,0.991
single_task,network_aware,eval_001,LAN,3,lan_ab_scalar16,LAN A/B scalar16,t4strict_pair_a_vs_b_40_200,scalar16,direct,unverifiable,3,0.0,0.0,1.05564,1,0,0.15,0.15,0.195,0,2.340788,0.985
single_task,network_aware,eval_002,LAN,3,lan_ab_scalar16,LAN A/B scalar16,t4strict_pair_a_vs_b_40_200,scalar16,direct,unverifiable,3,5.0,0.0,1.05758,1,0,0.15,0.15,0.195,0,2.340788,0.985
single_task,network_aware,eval_003,LAN,3,lan_ab_scalar16,LAN A/B scalar16,t4strict_pair_a_vs_b_40_200,scalar16,direct,unverifiable,3,10.0,0.0,1.05564,1,0,0.15,0.15,0.195,0,2.340788,0.985
single_task,network_aware,eval_004,LAN,3,lan_ab_scalar16,LAN A/B scalar16,t4strict_pair_a_vs_b_40_200,scalar16,direct,unverifiable,3,15.0,0.0,1.05564,1,0,0.15,0.15,0.195,0,2.340788,0.985
single_task,network_aware,eval_005,LAN,3,lan_ab_scalar16,LAN A/B scalar16,t4strict_pair_a_vs_b_40_200,scalar16,direct,unverifiable,3,20.0,0.0,1.05661,1,0,0.15,0.15,0.195,0,2.340788,0.985
single_task,network_aware,eval_006,LAN,2,lan_single_homo_scalar16,LAN single-node homo scalar16,single_homo,scalar16,direct,low-risk,1,25.0,0.0,0.85331,1,0,0.0,0.0,1.0,1,2.634826,1.0
single_task,network_aware,eval_007,LAN,3,lan_ab_scalar16,LAN A/B scalar16,t4strict_pair_a_vs_b_40_200,scalar16,direct,unverifiable,3,30.0,0.0,1.07601,1,1,0.15,0.15,0.195,0,5.796454,0.835
single_task,network_aware,eval_008,LAN,3,lan_ab_scalar16,LAN A/B scalar16,t4strict_pair_a_vs_b_40_200,scalar16,direct,unverifiable,3,35.0,0.0,1.07407,1,0,0.15,0.15,0.195,0,2.340788,0.985
single_task,network_aware,eval_009,LAN,3,lan_ab_scalar16,LAN A/B scalar16,t4strict_pair_a_vs_b_40_200,scalar16,direct,unverifiable,3,40.0,0.0,1.07213,1,0,0.15,0.15,0.195,0,2.340788,0.985
single_task,network_aware,eval_010,LAN,3,lan_ab_scalar16,LAN A/B scalar16,t4strict_pair_a_vs_b_40_200,scalar16,direct,unverifiable,3,45.0,0.0,1.05564,1,0,0.15,0.15,0.195,0,2.340788,0.985
single_task,network_aware,eval_011,LAN,1,lan_single_homo_scalar16,LAN single-node homo scalar16,single_homo,scalar16,direct,low-risk,1,50.0,0.0,0.83987,1,0,0.0,0.0,1.0,1,2.634826,1.0
single_task,network_aware,eval_012,LAN,1,lan_single_homo_scalar16,LAN single-node homo scalar16,single_homo,scalar16,direct,low-risk,1,55.0,0.0,0.84155,1,0,0.0,0.0,1.0,1,2.634826,1.0
single_task,network_aware,eval_013,LAN,1,lan_single_homo_scalar16,LAN single-node homo scalar16,single_homo,scalar16,direct,low-risk,1,60.0,0.0,0.83987,1,0,0.0,0.0,1.0,1,2.634826,1.0
single_task,network_aware,eval_014,LAN,1,lan_single_homo_scalar16,LAN single-node homo scalar16,single_homo,scalar16,direct,low-risk,1,65.0,0.0,0.83987,1,0,0.0,0.0,1.0,1,2.634826,1.0
single_task,network_aware,eval_015,LAN,1,lan_single_homo_scalar16,LAN single-node homo scalar16,single_homo,scalar16,direct,low-risk,1,70.0,0.0,0.84071,1,0,0.0,0.0,1.0,1,2.634826,1.0
single_task,network_aware,eval_016,LAN,1,lan_single_homo_scalar16,LAN single-node homo scalar16,single_homo,scalar16,direct,low-risk,1,75.0,0.0,0.83735,1,0,0.0,0.0,1.0,1,2.634826,1.0
single_task,network_aware,eval_017,LAN,3,lan_ab_scalar16,LAN A/B scalar16,t4strict_pair_a_vs_b_40_200,scalar16,direct,unverifiable,3,80.0,0.0,1.05758,1,0,0.15,0.15,0.195,0,2.340788,0.985
single_task,network_aware,eval_018,LAN,3,lan_ab_scalar16,LAN A/B scalar16,t4strict_pair_a_vs_b_40_200,scalar16,direct,unverifiable,3,85.0,0.0,1.05564,1,0,0.15,0.15,0.195,0,2.340788,0.985
single_task,network_aware,eval_019,LAN,2,lan_single_homo_scalar16,LAN single-node homo scalar16,single_homo,scalar16,direct,low-risk,1,90.0,0.0,0.85415,1,0,0.0,0.0,1.0,1,2.634826,1.0
single_task,network_aware,eval_020,LAN,1,lan_single_homo_scalar16,LAN single-node homo scalar16,single_homo,scalar16,direct,low-risk,1,95.0,0.0,0.83987,1,0,0.0,0.0,1.0,1,2.634826,1.0
single_task,network_aware,eval_021,LAN,1,lan_single_homo_scalar16,LAN single-node homo scalar16,single_homo,scalar16,direct,low-risk,1,100.0,0.0,0.83231,1,0,0.0,0.0,1.0,1,2.634826,1.0
single_task,network_aware,eval_022,LAN,1,lan_single_homo_scalar16,LAN single-node homo scalar16,single_homo,scalar16,direct,low-risk,1,105.0,0.0,0.83399,1,0,0.0,0.0,1.0,1,2.634826,1.0
single_task,network_aware,eval_023,LAN,1,lan_single_homo_scalar16,LAN single-node homo scalar16,single_homo,scalar16,direct,low-risk,1,110.0,0.0,0.83231,1,0,0.0,0.0,1.0,1,2.634826,1.0
single_task,network_aware,eval_024,LAN,1,lan_single_homo_scalar16,LAN single-node homo scalar16,single_homo,scalar16,direct,low-risk,1,115.0,0.0,0.83231,1,0,0.0,0.0,1.0,1,2.634826,1.0
single_task,network_aware,eval_025,LAN,1,lan_single_homo_scalar16,LAN single-node homo scalar16,single_homo,scalar16,direct,low-risk,1,120.0,0.0,0.83315,0,0,0.0,0.0,1.0,1,2.634826,0.0
single_task,network_aware,eval_026,LAN,1,lan_single_homo_scalar16,LAN single-node homo scalar16,single_homo,scalar16,direct,low-risk,1,125.0,0.0,0.82979,1,0,0.0,0.0,1.0,1,2.634826,1.0
single_task,network_aware,eval_027,LAN,2,lan_single_homo_scalar16,LAN single-node homo scalar16,single_homo,scalar16,direct,low-risk,1,130.0,0.0,0.84995,1,0,0.0,0.0,1.0,1,2.634826,1.0
single_task,network_aware,eval_028,LAN,2,lan_single_homo_scalar16,LAN single-node homo scalar16,single_homo,scalar16,direct,low-risk,1,135.0,0.0,0.84827,1,0,0.0,0.0,1.0,1,2.634826,1.0
single_task,network_aware,eval_029,LAN,2,lan_single_homo_scalar16,LAN single-node homo scalar16,single_homo,scalar16,direct,low-risk,1,140.0,0.0,0.84659,1,0,0.0,0.0,1.0,1,2.634826,1.0
single_task,network_aware,eval_030,LAN,1,lan_single_homo_scalar16,LAN single-node homo scalar16,single_homo,scalar16,direct,low-risk,1,145.0,0.0,0.83231,1,0,0.0,0.0,1.0,1,2.634826,1.0
single_task,network_aware,eval_031,LAN,2,lan_single_homo_scalar16,LAN single-node homo scalar16,single_homo,scalar16,direct,low-risk,1,150.0,0.0,0.84743,1,0,0.0,0.0,1.0,1,2.634826,1.0
single_task,network_aware,eval_032,LAN,2,lan_single_homo_scalar16,LAN single-node homo scalar16,single_homo,scalar16,direct,low-risk,1,155.0,0.0,0.84911,0,0,0.0,0.0,1.0,1,2.634826,0.0
single_task,network_aware,eval_033,LAN,2,lan_single_homo_scalar16,LAN single-node homo scalar16,single_homo,scalar16,direct,low-risk,1,160.0,0.0,0.84743,1,0,0.0,0.0,1.0,1,2.634826,1.0
single_task,network_aware,eval_034,LAN,2,lan_single_homo_scalar16,LAN single-node homo scalar16,single_homo,scalar16,direct,low-risk,1,165.0,0.0,0.84743,1,0,0.0,0.0,1.0,1,2.634826,1.0
single_task,network_aware,eval_035,LAN,2,lan_single_homo_scalar16,LAN single-node homo scalar16,single_homo,scalar16,direct,low-risk,1,170.0,0.0,0.84827,1,0,0.0,0.0,1.0,1,2.634826,1.0
single_task,network_aware,eval_036,LAN,2,lan_single_homo_scalar16,LAN single-node homo scalar16,single_homo,scalar16,direct,low-risk,1,175.0,0.0,0.84491,1,0,0.0,0.0,1.0,1,2.634826,1.0
single_task,network_aware,eval_037,LAN,3,lan_ab_scalar16,LAN A/B scalar16,t4strict_pair_a_vs_b_40_200,scalar16,direct,unverifiable,3,180.0,0.0,1.06631,1,0,0.15,0.15,0.195,0,2.340788,0.985
single_task,network_aware,eval_038,LAN,3,lan_ab_scalar16,LAN A/B scalar16,t4strict_pair_a_vs_b_40_200,scalar16,direct,unverifiable,3,185.0,0.0,1.06437,1,0,0.15,0.15,0.195,0,2.340788,0.985
single_task,network_aware,eval_039,LAN,3,lan_ab_scalar16,LAN A/B scalar16,t4strict_pair_a_vs_b_40_200,scalar16,direct,unverifiable,3,190.0,0.0,1.06243,1,0,0.15,0.15,0.195,0,2.340788,0.985
single_task,network_aware,eval_040,LAN,2,lan_single_homo_scalar16,LAN single-node homo scalar16,single_homo,scalar16,direct,low-risk,1,195.0,0.0,0.84743,0,0,0.0,0.0,1.0,1,2.634826,0.0
single_task,network_aware,eval_041,LAN,2,lan_single_homo_scalar16,LAN single-node homo scalar16,single_homo,scalar16,direct,low-risk,1,200.0,0.0,0.84743,0,0,0.0,0.0,1.0,1,2.634826,0.0
single_task,network_aware,eval_042,LAN,2,lan_single_homo_scalar16,LAN single-node homo scalar16,single_homo,scalar16,direct,low-risk,1,205.0,0.0,0.84911,1,0,0.0,0.0,1.0,1,2.634826,1.0
single_task,network_aware,eval_043,LAN,2,lan_single_homo_scalar16,LAN single-node homo scalar16,single_homo,scalar16,direct,low-risk,1,210.0,0.0,0.84743,1,0,0.0,0.0,1.0,1,2.634826,1.0
single_task,network_aware,eval_044,LAN,2,lan_single_homo_scalar16,LAN single-node homo scalar16,single_homo,scalar16,direct,low-risk,1,215.0,0.0,0.84743,1,0,0.0,0.0,1.0,1,2.634826,1.0
single_task,network_aware,eval_045,LAN,2,lan_single_homo_scalar16,LAN single-node homo scalar16,single_homo,scalar16,direct,low-risk,1,220.0,0.0,0.84827,0,0,0.0,0.0,1.0,1,2.634826,0.0
single_task,network_aware,eval_046,LAN,2,lan_single_homo_scalar16,LAN single-node homo scalar16,single_homo,scalar16,direct,low-risk,1,225.0,0.0,0.84491,1,0,0.0,0.0,1.0,1,2.634826,1.0
single_task,network_aware,eval_047,LAN,3,lan_ab_scalar16,LAN A/B scalar16,t4strict_pair_a_vs_b_40_200,scalar16,direct,unverifiable,3,230.0,0.0,1.06631,1,0,0.15,0.15,0.195,0,2.340788,0.985
single_task,network_aware,eval_048,LAN,3,lan_ab_scalar16,LAN A/B scalar16,t4strict_pair_a_vs_b_40_200,scalar16,direct,unverifiable,3,235.0,0.0,1.06437,1,0,0.15,0.15,0.195,0,2.340788,0.985
single_task,network_aware,eval_049,LAN,3,lan_ab_scalar16,LAN A/B scalar16,t4strict_pair_a_vs_b_40_200,scalar16,direct,unverifiable,3,240.0,0.0,1.06243,1,0,0.15,0.15,0.195,0,2.340788,0.985
single_task,network_aware,eval_050,LAN,2,lan_single_homo_scalar16,LAN single-node homo scalar16,single_homo,scalar16,direct,low-risk,1,245.0,0.0,0.84743,1,0,0.0,0.0,1.0,1,2.634826,1.0
single_task,network_aware,eval_051,LAN,3,lan_ab_scalar16,LAN A/B scalar16,t4strict_pair_a_vs_b_40_200,scalar16,direct,unverifiable,3,250.0,0.0,1.05661,1,0,0.15,0.15,0.195,0,2.340788,0.985
single_task,network_aware,eval_052,LAN,3,lan_ab_scalar16,LAN A/B scalar16,t4strict_pair_a_vs_b_40_200,scalar16,direct,unverifiable,3,255.0,0.0,1.05855,1,0,0.15,0.15,0.195,0,2.340788,0.985
single_task,network_aware,eval_053,LAN,3,lan_ab_scalar16,LAN A/B scalar16,t4strict_pair_a_vs_b_40_200,scalar16,direct,unverifiable,3,260.0,0.0,1.05661,1,0,0.15,0.15,0.195,0,2.340788,0.985
single_task,network_aware,eval_054,LAN,3,lan_ab_scalar16,LAN A/B scalar16,t4strict_pair_a_vs_b_40_200,scalar16,direct,unverifiable,3,265.0,0.0,1.05661,1,1,0.15,0.15,0.195,0,5.796454,0.835
single_task,network_aware,eval_055,LAN,3,lan_ab_scalar16,LAN A/B scalar16,t4strict_pair_a_vs_b_40_200,scalar16,direct,unverifiable,3,270.0,0.0,1.05758,1,0,0.15,0.15,0.195,0,2.340788,0.985
single_task,network_aware,eval_056,LAN,2,lan_single_homo_scalar16,LAN single-node homo scalar16,single_homo,scalar16,direct,low-risk,1,275.0,0.0,0.85415,0,0,0.0,0.0,1.0,1,2.634826,0.0
single_task,network_aware,eval_057,LAN,3,lan_ab_scalar16,LAN A/B scalar16,t4strict_pair_a_vs_b_40_200,scalar16,direct,unverifiable,3,280.0,0.0,1.07698,1,0,0.15,0.15,0.195,0,2.340788,0.985
single_task,network_aware,eval_058,LAN,3,lan_ab_scalar16,LAN A/B scalar16,t4strict_pair_a_vs_b_40_200,scalar16,direct,unverifiable,3,285.0,0.0,1.07504,1,0,0.15,0.15,0.195,0,2.340788,0.985
single_task,network_aware,eval_059,LAN,3,lan_ab_scalar16,LAN A/B scalar16,t4strict_pair_a_vs_b_40_200,scalar16,direct,unverifiable,3,290.0,0.0,1.0731,1,0,0.15,0.15,0.195,0,2.340788,0.985
single_task,network_aware,eval_060,LAN,3,lan_ab_scalar16,LAN A/B scalar16,t4strict_pair_a_vs_b_40_200,scalar16,direct,unverifiable,3,295.0,0.0,1.05661,1,0,0.15,0.15,0.195,0,2.340788,0.985
single_task,network_aware,eval_061,LAN,1,lan_single_homo_scalar16,LAN single-node homo scalar16,single_homo,scalar16,direct,low-risk,1,300.0,0.0,0.83231,1,0,0.0,0.0,1.0,1,2.634826,1.0
single_task,network_aware,eval_062,LAN,1,lan_single_homo_scalar16,LAN single-node homo scalar16,single_homo,scalar16,direct,low-risk,1,305.0,0.0,0.83399,1,0,0.0,0.0,1.0,1,2.634826,1.0
single_task,network_aware,eval_063,LAN,1,lan_single_homo_scalar16,LAN single-node homo scalar16,single_homo,scalar16,direct,low-risk,1,310.0,0.0,0.83231,1,0,0.0,0.0,1.0,1,2.634826,1.0
single_task,network_aware,eval_064,LAN,1,lan_single_homo_scalar16,LAN single-node homo scalar16,single_homo,scalar16,direct,low-risk,1,315.0,0.0,0.83231,1,0,0.0,0.0,1.0,1,2.634826,1.0
single_task,network_aware,eval_065,LAN,1,lan_single_homo_scalar16,LAN single-node homo scalar16,single_homo,scalar16,direct,low-risk,1,320.0,0.0,0.83315,1,0,0.0,0.0,1.0,1,2.634826,1.0
single_task,network_aware,eval_066,LAN,1,lan_single_homo_scalar16,LAN single-node homo scalar16,single_homo,scalar16,direct,low-risk,1,325.0,0.0,0.82979,1,0,0.0,0.0,1.0,1,2.634826,1.0
single_task,network_aware,eval_067,LAN,2,lan_single_homo_scalar16,LAN single-node homo scalar16,single_homo,scalar16,direct,low-risk,1,330.0,0.0,0.84995,1,0,0.0,0.0,1.0,1,2.634826,1.0
single_task,network_aware,eval_068,LAN,2,lan_single_homo_scalar16,LAN single-node homo scalar16,single_homo,scalar16,direct,low-risk,1,335.0,0.0,0.84827,1,0,0.0,0.0,1.0,1,2.634826,1.0
single_task,network_aware,eval_069,LAN,2,lan_single_homo_scalar16,LAN single-node homo scalar16,single_homo,scalar16,direct,low-risk,1,340.0,0.0,0.84659,1,0,0.0,0.0,1.0,1,2.634826,1.0
single_task,network_aware,eval_070,LAN,1,lan_single_homo_scalar16,LAN single-node homo scalar16,single_homo,scalar16,direct,low-risk,1,345.0,0.0,0.83231,1,0,0.0,0.0,1.0,1,2.634826,1.0
single_task,network_aware,eval_071,LAN,1,lan_single_homo_scalar16,LAN single-node homo scalar16,single_homo,scalar16,direct,low-risk,1,350.0,0.0,0.83315,1,0,0.0,0.0,1.0,1,2.634826,1.0
single_task,network_aware,eval_072,LAN,1,lan_single_homo_scalar16,LAN single-node homo scalar16,single_homo,scalar16,direct,low-risk,1,355.0,0.0,0.83483,1,0,0.0,0.0,1.0,1,2.634826,1.0
single_task,network_aware,eval_073,LAN,1,lan_single_homo_scalar16,LAN single-node homo scalar16,single_homo,scalar16,direct,low-risk,1,360.0,0.0,0.83315,1,0,0.0,0.0,1.0,1,2.634826,1.0
single_task,network_aware,eval_074,LAN,1,lan_single_homo_scalar16,LAN single-node homo scalar16,single_homo,scalar16,direct,low-risk,1,365.0,0.0,0.83315,1,0,0.0,0.0,1.0,1,2.634826,1.0
single_task,network_aware,eval_075,LAN,1,lan_single_homo_scalar16,LAN single-node homo scalar16,single_homo,scalar16,direct,low-risk,1,370.0,0.0,0.83399,1,0,0.0,0.0,1.0,1,2.634826,1.0
single_task,network_aware,eval_076,LAN,1,lan_single_homo_scalar16,LAN single-node homo scalar16,single_homo,scalar16,direct,low-risk,1,375.0,0.0,0.83063,1,0,0.0,0.0,1.0,1,2.634826,1.0
single_task,network_aware,eval_077,LAN,2,lan_single_homo_scalar16,LAN single-node homo scalar16,single_homo,scalar16,direct,low-risk,1,380.0,0.0,0.85079,1,0,0.0,0.0,1.0,1,2.634826,1.0
single_task,network_aware,eval_078,LAN,2,lan_single_homo_scalar16,LAN single-node homo scalar16,single_homo,scalar16,direct,low-risk,1,385.0,0.0,0.84911,1,0,0.0,0.0,1.0,1,2.634826,1.0
single_task,network_aware,eval_079,LAN,2,lan_single_homo_scalar16,LAN single-node homo scalar16,single_homo,scalar16,direct,low-risk,1,390.0,0.0,0.84743,1,0,0.0,0.0,1.0,1,2.634826,1.0
single_task,network_aware,eval_080,LAN,1,lan_single_homo_scalar16,LAN single-node homo scalar16,single_homo,scalar16,direct,low-risk,1,395.0,0.0,0.83315,1,0,0.0,0.0,1.0,1,2.634826,1.0
single_task,network_aware,eval_081,LAN,1,lan_single_homo_scalar16,LAN single-node homo scalar16,single_homo,scalar16,direct,low-risk,1,400.0,0.0,0.83987,1,0,0.0,0.0,1.0,1,2.634826,1.0
single_task,network_aware,eval_082,LAN,1,lan_single_homo_scalar16,LAN single-node homo scalar16,single_homo,scalar16,direct,low-risk,1,405.0,0.0,0.84155,1,0,0.0,0.0,1.0,1,2.634826,1.0
single_task,network_aware,eval_083,LAN,1,lan_single_homo_scalar16,LAN single-node homo scalar16,single_homo,scalar16,direct,low-risk,1,410.0,0.0,0.83987,1,0,0.0,0.0,1.0,1,2.634826,1.0
single_task,network_aware,eval_084,LAN,1,lan_single_homo_scalar16,LAN single-node homo scalar16,single_homo,scalar16,direct,low-risk,1,415.0,0.0,0.83987,1,0,0.0,0.0,1.0,1,2.634826,1.0
single_task,network_aware,eval_085,LAN,1,lan_single_homo_scalar16,LAN single-node homo scalar16,single_homo,scalar16,direct,low-risk,1,420.0,0.0,0.84071,1,0,0.0,0.0,1.0,1,2.634826,1.0
single_task,network_aware,eval_086,LAN,1,lan_single_homo_scalar16,LAN single-node homo scalar16,single_homo,scalar16,direct,low-risk,1,425.0,0.0,0.83735,1,0,0.0,0.0,1.0,1,2.634826,1.0
single_task,network_aware,eval_087,LAN,3,lan_ab_scalar16,LAN A/B scalar16,t4strict_pair_a_vs_b_40_200,scalar16,direct,unverifiable,3,430.0,0.0,1.05758,1,0,0.15,0.15,0.195,0,2.340788,0.985
single_task,network_aware,eval_088,LAN,3,lan_ab_scalar16,LAN A/B scalar16,t4strict_pair_a_vs_b_40_200,scalar16,direct,unverifiable,3,435.0,0.0,1.05564,1,1,0.15,0.15,0.195,0,5.796454,0.835
single_task,network_aware,eval_089,LAN,2,lan_single_homo_scalar16,LAN single-node homo scalar16,single_homo,scalar16,direct,low-risk,1,440.0,0.0,0.85415,1,0,0.0,0.0,1.0,1,2.634826,1.0
single_task,network_aware,eval_090,LAN,1,lan_single_homo_scalar16,LAN single-node homo scalar16,single_homo,scalar16,direct,low-risk,1,445.0,0.0,0.83987,1,0,0.0,0.0,1.0,1,2.634826,1.0
single_task,network_aware,eval_091,LAN,1,lan_single_homo_scalar16,LAN single-node homo scalar16,single_homo,scalar16,direct,low-risk,1,450.0,0.0,0.84155,1,0,0.0,0.0,1.0,1,2.634826,1.0
single_task,network_aware,eval_092,LAN,2,lan_single_homo_scalar16,LAN single-node homo scalar16,single_homo,scalar16,direct,low-risk,1,455.0,0.0,0.84323,1,0,0.0,0.0,1.0,1,2.634826,1.0
single_task,network_aware,eval_093,LAN,1,lan_single_homo_scalar16,LAN single-node homo scalar16,single_homo,scalar16,direct,low-risk,1,460.0,0.0,0.84155,1,0,0.0,0.0,1.0,1,2.634826,1.0
single_task,network_aware,eval_094,LAN,1,lan_single_homo_scalar16,LAN single-node homo scalar16,single_homo,scalar16,direct,low-risk,1,465.0,0.0,0.84155,1,0,0.0,0.0,1.0,1,2.634826,1.0
single_task,network_aware,eval_095,LAN,2,lan_single_homo_scalar16,LAN single-node homo scalar16,single_homo,scalar16,direct,low-risk,1,470.0,0.0,0.84239,1,0,0.0,0.0,1.0,1,2.634826,1.0
single_task,network_aware,eval_096,LAN,1,lan_single_homo_scalar16,LAN single-node homo scalar16,single_homo,scalar16,direct,low-risk,1,475.0,0.0,0.83903,1,0,0.0,0.0,1.0,1,2.634826,1.0
single_task,network_aware,eval_097,LAN,3,lan_ab_scalar16,LAN A/B scalar16,t4strict_pair_a_vs_b_40_200,scalar16,direct,unverifiable,3,480.0,0.0,1.05952,1,0,0.15,0.15,0.195,0,2.340788,0.985
single_task,network_aware,eval_098,LAN,3,lan_ab_scalar16,LAN A/B scalar16,t4strict_pair_a_vs_b_40_200,scalar16,direct,unverifiable,3,485.0,0.0,1.05758,1,0,0.15,0.15,0.195,0,2.340788,0.985
single_task,network_aware,eval_099,LAN,3,lan_ab_scalar16,LAN A/B scalar16,t4strict_pair_a_vs_b_40_200,scalar16,direct,unverifiable,3,490.0,0.0,1.05564,1,0,0.15,0.15,0.195,0,2.340788,0.985
single_task,network_aware,eval_100,LAN,1,lan_single_homo_scalar16,LAN single-node homo scalar16,single_homo,scalar16,direct,low-risk,1,495.0,0.0,0.84155,1,0,0.0,0.0,1.0,1,2.634826,1.0
single_task,network_aware,eval_101,LAN,1,lan_single_homo_scalar16,LAN single-node homo scalar16,single_homo,scalar16,direct,low-risk,1,500.0,0.0,0.83399,1,0,0.0,0.0,1.0,1,2.634826,1.0
single_task,network_aware,eval_102,LAN,1,lan_single_homo_scalar16,LAN single-node homo scalar16,single_homo,scalar16,direct,low-risk,1,505.0,0.0,0.83567,1,0,0.0,0.0,1.0,1,2.634826,1.0
single_task,network_aware,eval_103,LAN,1,lan_single_homo_scalar16,LAN single-node homo scalar16,single_homo,scalar16,direct,low-risk,1,510.0,0.0,0.83399,1,0,0.0,0.0,1.0,1,2.634826,1.0
single_task,network_aware,eval_104,LAN,1,lan_single_homo_scalar16,LAN single-node homo scalar16,single_homo,scalar16,direct,low-risk,1,515.0,0.0,0.83399,1,0,0.0,0.0,1.0,1,2.634826,1.0
single_task,network_aware,eval_105,LAN,1,lan_single_homo_scalar16,LAN single-node homo scalar16,single_homo,scalar16,direct,low-risk,1,520.0,0.0,0.83483,1,0,0.0,0.0,1.0,1,2.634826,1.0
single_task,network_aware,eval_106,LAN,1,lan_single_homo_scalar16,LAN single-node homo scalar16,single_homo,scalar16,direct,low-risk,1,525.0,0.0,0.83147,1,0,0.0,0.0,1.0,1,2.634826,1.0
single_task,network_aware,eval_107,LAN,2,lan_single_homo_scalar16,LAN single-node homo scalar16,single_homo,scalar16,direct,low-risk,1,530.0,0.0,0.85163,1,0,0.0,0.0,1.0,1,2.634826,1.0
single_task,network_aware,eval_108,LAN,2,lan_single_homo_scalar16,LAN single-node homo scalar16,single_homo,scalar16,direct,low-risk,1,535.0,0.0,0.84995,1,0,0.0,0.0,1.0,1,2.634826,1.0
single_task,network_aware,eval_109,LAN,2,lan_single_homo_scalar16,LAN single-node homo scalar16,single_homo,scalar16,direct,low-risk,1,540.0,0.0,0.84827,1,0,0.0,0.0,1.0,1,2.634826,1.0
single_task,network_aware,eval_110,LAN,1,lan_single_homo_scalar16,LAN single-node homo scalar16,single_homo,scalar16,direct,low-risk,1,545.0,0.0,0.83399,1,0,0.0,0.0,1.0,1,2.634826,1.0
single_task,network_aware,eval_111,LAN,1,lan_single_homo_scalar16,LAN single-node homo scalar16,single_homo,scalar16,direct,low-risk,1,550.0,0.0,0.83483,1,0,0.0,0.0,1.0,1,2.634826,1.0
single_task,network_aware,eval_112,LAN,1,lan_single_homo_scalar16,LAN single-node homo scalar16,single_homo,scalar16,direct,low-risk,1,555.0,0.0,0.83651,1,0,0.0,0.0,1.0,1,2.634826,1.0
single_task,network_aware,eval_113,LAN,1,lan_single_homo_scalar16,LAN single-node homo scalar16,single_homo,scalar16,direct,low-risk,1,560.0,0.0,0.83483,1,0,0.0,0.0,1.0,1,2.634826,1.0
single_task,network_aware,eval_114,LAN,1,lan_single_homo_scalar16,LAN single-node homo scalar16,single_homo,scalar16,direct,low-risk,1,565.0,0.0,0.83483,1,0,0.0,0.0,1.0,1,2.634826,1.0
single_task,network_aware,eval_115,LAN,1,lan_single_homo_scalar16,LAN single-node homo scalar16,single_homo,scalar16,direct,low-risk,1,570.0,0.0,0.83567,1,0,0.0,0.0,1.0,1,2.634826,1.0
single_task,network_aware,eval_116,LAN,1,lan_single_homo_scalar16,LAN single-node homo scalar16,single_homo,scalar16,direct,low-risk,1,575.0,0.0,0.83231,1,0,0.0,0.0,1.0,1,2.634826,1.0
single_task,network_aware,eval_117,LAN,2,lan_single_homo_scalar16,LAN single-node homo scalar16,single_homo,scalar16,direct,low-risk,1,580.0,0.0,0.85247,0,0,0.0,0.0,1.0,1,2.634826,0.0
single_task,network_aware,eval_118,LAN,2,lan_single_homo_scalar16,LAN single-node homo scalar16,single_homo,scalar16,direct,low-risk,1,585.0,0.0,0.85079,1,0,0.0,0.0,1.0,1,2.634826,1.0
single_task,network_aware,eval_119,LAN,2,lan_single_homo_scalar16,LAN single-node homo scalar16,single_homo,scalar16,direct,low-risk,1,590.0,0.0,0.84911,1,0,0.0,0.0,1.0,1,2.634826,1.0
single_task,network_aware,eval_120,LAN,1,lan_single_homo_scalar16,LAN single-node homo scalar16,single_homo,scalar16,direct,low-risk,1,595.0,0.0,0.83483,1,0,0.0,0.0,1.0,1,2.634826,1.0
single_task,network_aware,eval_121,LAN,1,lan_single_homo_scalar16,LAN single-node homo scalar16,single_homo,scalar16,direct,low-risk,1,600.0,0.0,0.83987,1,0,0.0,0.0,1.0,1,2.634826,1.0
single_task,network_aware,eval_122,LAN,1,lan_single_homo_scalar16,LAN single-node homo scalar16,single_homo,scalar16,direct,low-risk,1,605.0,0.0,0.84155,1,0,0.0,0.0,1.0,1,2.634826,1.0
single_task,network_aware,eval_123,LAN,1,lan_single_homo_scalar16,LAN single-node homo scalar16,single_homo,scalar16,direct,low-risk,1,610.0,0.0,0.83987,1,0,0.0,0.0,1.0,1,2.634826,1.0
single_task,network_aware,eval_124,LAN,1,lan_single_homo_scalar16,LAN single-node homo scalar16,single_homo,scalar16,direct,low-risk,1,615.0,0.0,0.83987,1,0,0.0,0.0,1.0,1,2.634826,1.0
single_task,network_aware,eval_125,LAN,1,lan_single_homo_scalar16,LAN single-node homo scalar16,single_homo,scalar16,direct,low-risk,1,620.0,0.0,0.84071,1,0,0.0,0.0,1.0,1,2.634826,1.0
single_task,network_aware,eval_126,LAN,1,lan_single_homo_scalar16,LAN single-node homo scalar16,single_homo,scalar16,direct,low-risk,1,625.0,0.0,0.83735,1,0,0.0,0.0,1.0,1,2.634826,1.0
single_task,network_aware,eval_127,LAN,3,lan_ab_scalar16,LAN A/B scalar16,t4strict_pair_a_vs_b_40_200,scalar16,direct,unverifiable,3,630.0,0.0,1.05758,1,0,0.15,0.15,0.195,0,2.340788,0.985
single_task,network_aware,eval_128,LAN,3,lan_ab_scalar16,LAN A/B scalar16,t4strict_pair_a_vs_b_40_200,scalar16,direct,unverifiable,3,635.0,0.0,1.05564,1,0,0.15,0.15,0.195,0,2.340788,0.985
single_task,network_aware,eval_129,LAN,2,lan_single_homo_scalar16,LAN single-node homo scalar16,single_homo,scalar16,direct,low-risk,1,640.0,0.0,0.85415,1,0,0.0,0.0,1.0,1,2.634826,1.0
single_task,network_aware,eval_130,LAN,1,lan_single_homo_scalar16,LAN single-node homo scalar16,single_homo,scalar16,direct,low-risk,1,645.0,0.0,0.83987,1,0,0.0,0.0,1.0,1,2.634826,1.0
single_task,network_aware,eval_131,LAN,2,lan_single_homo_scalar16,LAN single-node homo scalar16,single_homo,scalar16,direct,low-risk,1,650.0,0.0,0.84407,0,0,0.0,0.0,1.0,1,2.634826,0.0
single_task,network_aware,eval_132,LAN,2,lan_single_homo_scalar16,LAN single-node homo scalar16,single_homo,scalar16,direct,low-risk,1,655.0,0.0,0.84575,1,0,0.0,0.0,1.0,1,2.634826,1.0
single_task,network_aware,eval_133,LAN,2,lan_single_homo_scalar16,LAN single-node homo scalar16,single_homo,scalar16,direct,low-risk,1,660.0,0.0,0.84407,1,0,0.0,0.0,1.0,1,2.634826,1.0
single_task,network_aware,eval_134,LAN,2,lan_single_homo_scalar16,LAN single-node homo scalar16,single_homo,scalar16,direct,low-risk,1,665.0,0.0,0.84407,0,0,0.0,0.0,1.0,1,2.634826,0.0
single_task,network_aware,eval_135,LAN,2,lan_single_homo_scalar16,LAN single-node homo scalar16,single_homo,scalar16,direct,low-risk,1,670.0,0.0,0.84491,1,0,0.0,0.0,1.0,1,2.634826,1.0
single_task,network_aware,eval_136,LAN,1,lan_single_homo_scalar16,LAN single-node homo scalar16,single_homo,scalar16,direct,low-risk,1,675.0,0.0,0.84155,1,0,0.0,0.0,1.0,1,2.634826,1.0
single_task,network_aware,eval_137,LAN,3,lan_ab_scalar16,LAN A/B scalar16,t4strict_pair_a_vs_b_40_200,scalar16,direct,unverifiable,3,680.0,0.0,1.06243,1,0,0.15,0.15,0.195,0,2.340788,0.985
single_task,network_aware,eval_138,LAN,3,lan_ab_scalar16,LAN A/B scalar16,t4strict_pair_a_vs_b_40_200,scalar16,direct,unverifiable,3,685.0,0.0,1.06049,1,0,0.15,0.15,0.195,0,2.340788,0.985
single_task,network_aware,eval_139,LAN,3,lan_ab_scalar16,LAN A/B scalar16,t4strict_pair_a_vs_b_40_200,scalar16,direct,unverifiable,3,690.0,0.0,1.05855,1,1,0.15,0.15,0.195,0,5.796454,0.835
single_task,network_aware,eval_140,LAN,2,lan_single_homo_scalar16,LAN single-node homo scalar16,single_homo,scalar16,direct,low-risk,1,695.0,0.0,0.84407,0,0,0.0,0.0,1.0,1,2.634826,0.0
single_task,network_aware,eval_141,WAN,1,wan_ad_scalar16,WAN A/D scalar16,t4strict_pair_a_vs_d_40_200,scalar16,direct,unverifiable,3,700.0,0.0,1.24875,1,0,0.09,0.09,0.045,0,2.901829,0.991
single_task,network_aware,eval_142,WAN,1,wan_ad_scalar16,WAN A/D scalar16,t4strict_pair_a_vs_d_40_200,scalar16,direct,unverifiable,3,705.0,0.0,1.25073,1,0,0.09,0.09,0.045,0,2.901829,0.991
single_task,network_aware,eval_143,WAN,1,wan_ad_scalar16,WAN A/D scalar16,t4strict_pair_a_vs_d_40_200,scalar16,direct,unverifiable,3,710.0,0.0,1.24875,1,1,0.09,0.09,0.045,0,6.357495,0.841
single_task,network_aware,eval_144,WAN,1,wan_ad_scalar16,WAN A/D scalar16,t4strict_pair_a_vs_d_40_200,scalar16,direct,unverifiable,3,715.0,0.0,1.24875,1,0,0.09,0.09,0.045,0,2.901829,0.991
single_task,network_aware,eval_145,WAN,1,wan_ad_scalar16,WAN A/D scalar16,t4strict_pair_a_vs_d_40_200,scalar16,direct,unverifiable,3,720.0,0.0,1.24974,1,1,0.09,0.09,0.045,0,6.357495,0.841
single_task,network_aware,eval_146,WAN,1,wan_ad_scalar16,WAN A/D scalar16,t4strict_pair_a_vs_d_40_200,scalar16,direct,unverifiable,3,725.0,0.0,1.24578,1,0,0.09,0.09,0.045,0,2.901829,0.991
single_task,network_aware,eval_147,WAN,2,wan_ad_scalar16,WAN A/D scalar16,t4strict_pair_a_vs_d_40_200,scalar16,direct,unverifiable,3,730.0,0.0,1.26954,1,0,0.09,0.09,0.045,0,2.901829,0.991
single_task,network_aware,eval_148,WAN,2,wan_ad_scalar16,WAN A/D scalar16,t4strict_pair_a_vs_d_40_200,scalar16,direct,unverifiable,3,735.0,0.0,1.26756,1,0,0.09,0.09,0.045,0,2.901829,0.991
single_task,network_aware,eval_149,WAN,2,wan_ad_scalar16,WAN A/D scalar16,t4strict_pair_a_vs_d_40_200,scalar16,direct,unverifiable,3,740.0,0.0,1.26558,1,0,0.09,0.09,0.045,0,2.901829,0.991
single_task,network_aware,eval_150,WAN,1,wan_ad_scalar16,WAN A/D scalar16,t4strict_pair_a_vs_d_40_200,scalar16,direct,unverifiable,3,745.0,0.0,1.24875,1,0,0.09,0.09,0.045,0,2.901829,0.991
single_task,network_aware,eval_151,WAN,1,wan_ad_scalar16,WAN A/D scalar16,t4strict_pair_a_vs_d_40_200,scalar16,direct,unverifiable,3,750.0,0.0,1.25172,1,0,0.09,0.09,0.045,0,2.901829,0.991
single_task,network_aware,eval_152,WAN,1,wan_ad_scalar16,WAN A/D scalar16,t4strict_pair_a_vs_d_40_200,scalar16,direct,unverifiable,3,755.0,0.0,1.2537,1,0,0.09,0.09,0.045,0,2.901829,0.991
single_task,network_aware,eval_153,WAN,1,wan_ad_scalar16,WAN A/D scalar16,t4strict_pair_a_vs_d_40_200,scalar16,direct,unverifiable,3,760.0,0.0,1.25172,1,0,0.09,0.09,0.045,0,2.901829,0.991
single_task,network_aware,eval_154,WAN,1,wan_ad_scalar16,WAN A/D scalar16,t4strict_pair_a_vs_d_40_200,scalar16,direct,unverifiable,3,765.0,0.0,1.25172,1,0,0.09,0.09,0.045,0,2.901829,0.991
single_task,network_aware,eval_155,WAN,1,wan_ad_scalar16,WAN A/D scalar16,t4strict_pair_a_vs_d_40_200,scalar16,direct,unverifiable,3,770.0,0.0,1.25271,1,0,0.09,0.09,0.045,0,2.901829,0.991
single_task,network_aware,eval_156,WAN,1,wan_ad_scalar16,WAN A/D scalar16,t4strict_pair_a_vs_d_40_200,scalar16,direct,unverifiable,3,775.0,0.0,1.24875,1,0,0.09,0.09,0.045,0,2.901829,0.991
single_task,network_aware,eval_157,WAN,2,wan_ad_scalar16,WAN A/D scalar16,t4strict_pair_a_vs_d_40_200,scalar16,direct,unverifiable,3,780.0,0.0,1.27251,1,0,0.09,0.09,0.045,0,2.901829,0.991
single_task,network_aware,eval_158,WAN,2,wan_ad_scalar16,WAN A/D scalar16,t4strict_pair_a_vs_d_40_200,scalar16,direct,unverifiable,3,785.0,0.0,1.27053,0,0,0.09,0.09,0.045,0,2.901829,-0.009
single_task,network_aware,eval_159,WAN,2,wan_ad_scalar16,WAN A/D scalar16,t4strict_pair_a_vs_d_40_200,scalar16,direct,unverifiable,3,790.0,0.0,1.26855,1,0,0.09,0.09,0.045,0,2.901829,0.991
single_task,network_aware,eval_160,WAN,1,wan_ad_scalar16,WAN A/D scalar16,t4strict_pair_a_vs_d_40_200,scalar16,direct,unverifiable,3,795.0,0.0,1.25172,1,0,0.09,0.09,0.045,0,2.901829,0.991
single_task,network_aware,eval_161,WAN,2,wan_ad_scalar16,WAN A/D scalar16,t4strict_pair_a_vs_d_40_200,scalar16,direct,unverifiable,3,800.0,0.0,1.26162,0,0,0.09,0.09,0.045,0,2.901829,-0.009
single_task,network_aware,eval_162,WAN,2,wan_ad_scalar16,WAN A/D scalar16,t4strict_pair_a_vs_d_40_200,scalar16,direct,unverifiable,3,805.0,0.0,1.2636,1,0,0.09,0.09,0.045,0,2.901829,0.991
single_task,network_aware,eval_163,WAN,2,wan_ad_scalar16,WAN A/D scalar16,t4strict_pair_a_vs_d_40_200,scalar16,direct,unverifiable,3,810.0,0.0,1.26162,1,0,0.09,0.09,0.045,0,2.901829,0.991
single_task,network_aware,eval_164,WAN,2,wan_ad_scalar16,WAN A/D scalar16,t4strict_pair_a_vs_d_40_200,scalar16,direct,unverifiable,3,815.0,0.0,1.26162,1,0,0.09,0.09,0.045,0,2.901829,0.991
single_task,network_aware,eval_165,WAN,2,wan_ad_scalar16,WAN A/D scalar16,t4strict_pair_a_vs_d_40_200,scalar16,direct,unverifiable,3,820.0,0.0,1.26261,1,0,0.09,0.09,0.045,0,2.901829,0.991
single_task,network_aware,eval_166,WAN,1,wan_ad_scalar16,WAN A/D scalar16,t4strict_pair_a_vs_d_40_200,scalar16,direct,unverifiable,3,825.0,0.0,1.25865,1,0,0.09,0.09,0.045,0,2.901829,0.991
single_task,network_aware,eval_167,WAN,3,wan_ad_scalar16,WAN A/D scalar16,t4strict_pair_a_vs_d_40_200,scalar16,direct,unverifiable,3,830.0,0.0,1.28241,1,0,0.09,0.09,0.045,0,2.901829,0.991
single_task,network_aware,eval_168,WAN,3,wan_ad_scalar16,WAN A/D scalar16,t4strict_pair_a_vs_d_40_200,scalar16,direct,unverifiable,3,835.0,0.0,1.28043,1,0,0.09,0.09,0.045,0,2.901829,0.991
single_task,network_aware,eval_169,WAN,3,wan_ad_scalar16,WAN A/D scalar16,t4strict_pair_a_vs_d_40_200,scalar16,direct,unverifiable,3,840.0,0.0,1.27845,1,0,0.09,0.09,0.045,0,2.901829,0.991
single_task,network_aware,eval_170,WAN,2,wan_ad_scalar16,WAN A/D scalar16,t4strict_pair_a_vs_d_40_200,scalar16,direct,unverifiable,3,845.0,0.0,1.26162,1,0,0.09,0.09,0.045,0,2.901829,0.991
single_task,network_aware,eval_171,WAN,1,wan_ad_scalar16,WAN A/D scalar16,t4strict_pair_a_vs_d_40_200,scalar16,direct,unverifiable,3,850.0,0.0,1.25865,1,0,0.09,0.09,0.045,0,2.901829,0.991
single_task,network_aware,eval_172,WAN,2,wan_ad_scalar16,WAN A/D scalar16,t4strict_pair_a_vs_d_40_200,scalar16,direct,unverifiable,3,855.0,0.0,1.26063,1,0,0.09,0.09,0.045,0,2.901829,0.991
single_task,network_aware,eval_173,WAN,1,wan_ad_scalar16,WAN A/D scalar16,t4strict_pair_a_vs_d_40_200,scalar16,direct,unverifiable,3,860.0,0.0,1.25865,1,0,0.09,0.09,0.045,0,2.901829,0.991
single_task,network_aware,eval_174,WAN,1,wan_ad_scalar16,WAN A/D scalar16,t4strict_pair_a_vs_d_40_200,scalar16,direct,unverifiable,3,865.0,0.0,1.25865,1,0,0.09,0.09,0.045,0,2.901829,0.991
single_task,network_aware,eval_175,WAN,2,wan_ad_scalar16,WAN A/D scalar16,t4strict_pair_a_vs_d_40_200,scalar16,direct,unverifiable,3,870.0,0.0,1.25964,1,1,0.09,0.09,0.045,0,6.357495,0.841
single_task,network_aware,eval_176,WAN,1,wan_ad_scalar16,WAN A/D scalar16,t4strict_pair_a_vs_d_40_200,scalar16,direct,unverifiable,3,875.0,0.0,1.25568,1,0,0.09,0.09,0.045,0,2.901829,0.991
single_task,network_aware,eval_177,WAN,3,wan_ad_scalar16,WAN A/D scalar16,t4strict_pair_a_vs_d_40_200,scalar16,direct,unverifiable,3,880.0,0.0,1.27944,1,0,0.09,0.09,0.045,0,2.901829,0.991
single_task,network_aware,eval_178,WAN,3,wan_ad_scalar16,WAN A/D scalar16,t4strict_pair_a_vs_d_40_200,scalar16,direct,unverifiable,3,885.0,0.0,1.27746,1,0,0.09,0.09,0.045,0,2.901829,0.991
single_task,network_aware,eval_179,WAN,3,wan_ad_scalar16,WAN A/D scalar16,t4strict_pair_a_vs_d_40_200,scalar16,direct,unverifiable,3,890.0,0.0,1.27548,1,0,0.09,0.09,0.045,0,2.901829,0.991
single_task,network_aware,eval_180,WAN,1,wan_ad_scalar16,WAN A/D scalar16,t4strict_pair_a_vs_d_40_200,scalar16,direct,unverifiable,3,895.0,0.0,1.25865,1,0,0.09,0.09,0.045,0,2.901829,0.991
single_task,network_aware,eval_181,WAN,2,wan_ad_scalar16,WAN A/D scalar16,t4strict_pair_a_vs_d_40_200,scalar16,direct,unverifiable,3,900.0,0.0,1.26756,1,0,0.09,0.09,0.045,0,2.901829,0.991
single_task,network_aware,eval_182,WAN,2,wan_ad_scalar16,WAN A/D scalar16,t4strict_pair_a_vs_d_40_200,scalar16,direct,unverifiable,3,905.0,0.0,1.26954,1,0,0.09,0.09,0.045,0,2.901829,0.991
single_task,network_aware,eval_183,WAN,2,wan_ad_scalar16,WAN A/D scalar16,t4strict_pair_a_vs_d_40_200,scalar16,direct,unverifiable,3,910.0,0.0,1.26756,1,1,0.09,0.09,0.045,0,6.357495,0.841
single_task,network_aware,eval_184,WAN,2,wan_ad_scalar16,WAN A/D scalar16,t4strict_pair_a_vs_d_40_200,scalar16,direct,unverifiable,3,915.0,0.0,1.26756,1,0,0.09,0.09,0.045,0,2.901829,0.991
single_task,network_aware,eval_185,WAN,2,wan_ad_scalar16,WAN A/D scalar16,t4strict_pair_a_vs_d_40_200,scalar16,direct,unverifiable,3,920.0,0.0,1.26855,1,0,0.09,0.09,0.045,0,2.901829,0.991
single_task,network_aware,eval_186,WAN,2,wan_ad_scalar16,WAN A/D scalar16,t4strict_pair_a_vs_d_40_200,scalar16,direct,unverifiable,3,925.0,0.0,1.26459,1,1,0.09,0.09,0.045,0,6.357495,0.841
single_task,network_aware,eval_187,WAN,3,wan_ad_scalar16,WAN A/D scalar16,t4strict_pair_a_vs_d_40_200,scalar16,direct,unverifiable,3,930.0,0.0,1.28835,1,0,0.09,0.09,0.045,0,2.901829,0.991
single_task,network_aware,eval_188,WAN,3,wan_ad_scalar16,WAN A/D scalar16,t4strict_pair_a_vs_d_40_200,scalar16,direct,unverifiable,3,935.0,0.0,1.28637,0,0,0.09,0.09,0.045,0,2.901829,-0.009
single_task,network_aware,eval_189,WAN,3,wan_ad_scalar16,WAN A/D scalar16,t4strict_pair_a_vs_d_40_200,scalar16,direct,unverifiable,3,940.0,0.0,1.28439,1,0,0.09,0.09,0.045,0,2.901829,0.991
single_task,network_aware,eval_190,WAN,2,wan_ad_scalar16,WAN A/D scalar16,t4strict_pair_a_vs_d_40_200,scalar16,direct,unverifiable,3,945.0,0.0,1.26756,1,1,0.09,0.09,0.045,0,6.357495,0.841
single_task,network_aware,eval_191,WAN,2,wan_ad_scalar16,WAN A/D scalar16,t4strict_pair_a_vs_d_40_200,scalar16,direct,unverifiable,3,950.0,0.0,1.26756,1,0,0.09,0.09,0.045,0,2.901829,0.991
single_task,network_aware,eval_192,WAN,2,wan_ad_scalar16,WAN A/D scalar16,t4strict_pair_a_vs_d_40_200,scalar16,direct,unverifiable,3,955.0,0.0,1.26954,1,0,0.09,0.09,0.045,0,2.901829,0.991
single_task,network_aware,eval_193,WAN,2,wan_ad_scalar16,WAN A/D scalar16,t4strict_pair_a_vs_d_40_200,scalar16,direct,unverifiable,3,960.0,0.0,1.26756,1,0,0.09,0.09,0.045,0,2.901829,0.991
single_task,network_aware,eval_194,WAN,2,wan_ad_scalar16,WAN A/D scalar16,t4strict_pair_a_vs_d_40_200,scalar16,direct,unverifiable,3,965.0,0.0,1.26756,1,0,0.09,0.09,0.045,0,2.901829,0.991
single_task,network_aware,eval_195,WAN,2,wan_ad_scalar16,WAN A/D scalar16,t4strict_pair_a_vs_d_40_200,scalar16,direct,unverifiable,3,970.0,0.0,1.26855,1,0,0.09,0.09,0.045,0,2.901829,0.991
single_task,network_aware,eval_196,WAN,2,wan_ad_scalar16,WAN A/D scalar16,t4strict_pair_a_vs_d_40_200,scalar16,direct,unverifiable,3,975.0,0.0,1.26459,1,0,0.09,0.09,0.045,0,2.901829,0.991
single_task,network_aware,eval_197,WAN,3,wan_ad_scalar16,WAN A/D scalar16,t4strict_pair_a_vs_d_40_200,scalar16,direct,unverifiable,3,980.0,0.0,1.28835,1,0,0.09,0.09,0.045,0,2.901829,0.991
single_task,network_aware,eval_198,WAN,3,wan_ad_scalar16,WAN A/D scalar16,t4strict_pair_a_vs_d_40_200,scalar16,direct,unverifiable,3,985.0,0.0,1.28637,1,0,0.09,0.09,0.045,0,2.901829,0.991
single_task,network_aware,eval_199,WAN,3,wan_ad_scalar16,WAN A/D scalar16,t4strict_pair_a_vs_d_40_200,scalar16,direct,unverifiable,3,990.0,0.0,1.28439,1,0,0.09,0.09,0.045,0,2.901829,0.991
single_task,network_aware,eval_200,WAN,2,wan_ad_scalar16,WAN A/D scalar16,t4strict_pair_a_vs_d_40_200,scalar16,direct,unverifiable,3,995.0,0.0,1.26756,0,0,0.09,0.09,0.045,0,2.901829,-0.009
single_task,risk_constrained,eval_001,LAN,3,lan_ab_projcos4,LAN A/B projcos4,t4strict_pair_a_vs_b_40_200,projcos4,feasible_only,low-risk,3,0.0,0.0,1.05564,1,0,0.02,0.02,0.995,1,2.852113,0.998
single_task,risk_constrained,eval_002,LAN,3,lan_ab_projcos4,LAN A/B projcos4,t4strict_pair_a_vs_b_40_200,projcos4,feasible_only,low-risk,3,5.0,0.0,1.05758,1,0,0.02,0.02,0.995,1,2.852113,0.998
single_task,risk_constrained,eval_003,LAN,3,lan_ab_projcos4,LAN A/B projcos4,t4strict_pair_a_vs_b_40_200,projcos4,feasible_only,low-risk,3,10.0,0.0,1.05564,1,0,0.02,0.02,0.995,1,2.852113,0.998
single_task,risk_constrained,eval_004,LAN,3,lan_ab_projcos4,LAN A/B projcos4,t4strict_pair_a_vs_b_40_200,projcos4,feasible_only,low-risk,3,15.0,0.0,1.05564,1,0,0.02,0.02,0.995,1,2.852113,0.998
single_task,risk_constrained,eval_005,LAN,3,lan_ab_projcos4,LAN A/B projcos4,t4strict_pair_a_vs_b_40_200,projcos4,feasible_only,low-risk,3,20.0,0.0,1.05661,1,0,0.02,0.02,0.995,1,2.852113,0.998
single_task,risk_constrained,eval_006,LAN,2,lan_single_homo_scalar16,LAN single-node homo scalar16,single_homo,scalar16,feasible_only,low-risk,1,25.0,0.0,0.85331,0,0,0.0,0.0,1.0,1,2.634826,0.0
single_task,risk_constrained,eval_007,LAN,3,lan_ab_projcos4,LAN A/B projcos4,t4strict_pair_a_vs_b_40_200,projcos4,feasible_only,low-risk,3,30.0,0.0,1.07601,1,0,0.02,0.02,0.995,1,2.852113,0.998
single_task,risk_constrained,eval_008,LAN,3,lan_ab_projcos4,LAN A/B projcos4,t4strict_pair_a_vs_b_40_200,projcos4,feasible_only,low-risk,3,35.0,0.0,1.07407,1,0,0.02,0.02,0.995,1,2.852113,0.998
single_task,risk_constrained,eval_009,LAN,3,lan_ab_projcos4,LAN A/B projcos4,t4strict_pair_a_vs_b_40_200,projcos4,feasible_only,low-risk,3,40.0,0.0,1.07213,1,0,0.02,0.02,0.995,1,2.852113,0.998
single_task,risk_constrained,eval_010,LAN,3,lan_ab_projcos4,LAN A/B projcos4,t4strict_pair_a_vs_b_40_200,projcos4,feasible_only,low-risk,3,45.0,0.0,1.05564,1,0,0.02,0.02,0.995,1,2.852113,0.998
single_task,risk_constrained,eval_011,LAN,1,lan_single_homo_scalar16,LAN single-node homo scalar16,single_homo,scalar16,feasible_only,low-risk,1,50.0,0.0,0.83987,1,0,0.0,0.0,1.0,1,2.634826,1.0
single_task,risk_constrained,eval_012,LAN,1,lan_single_homo_scalar16,LAN single-node homo scalar16,single_homo,scalar16,feasible_only,low-risk,1,55.0,0.0,0.84155,1,0,0.0,0.0,1.0,1,2.634826,1.0
single_task,risk_constrained,eval_013,LAN,1,lan_single_homo_scalar16,LAN single-node homo scalar16,single_homo,scalar16,feasible_only,low-risk,1,60.0,0.0,0.83987,1,0,0.0,0.0,1.0,1,2.634826,1.0
single_task,risk_constrained,eval_014,LAN,1,lan_single_homo_scalar16,LAN single-node homo scalar16,single_homo,scalar16,feasible_only,low-risk,1,65.0,0.0,0.83987,1,0,0.0,0.0,1.0,1,2.634826,1.0
single_task,risk_constrained,eval_015,LAN,1,lan_single_homo_scalar16,LAN single-node homo scalar16,single_homo,scalar16,feasible_only,low-risk,1,70.0,0.0,0.84071,1,0,0.0,0.0,1.0,1,2.634826,1.0
single_task,risk_constrained,eval_016,LAN,1,lan_single_homo_scalar16,LAN single-node homo scalar16,single_homo,scalar16,feasible_only,low-risk,1,75.0,0.0,0.83735,1,0,0.0,0.0,1.0,1,2.634826,1.0
single_task,risk_constrained,eval_017,LAN,3,lan_ab_projcos4,LAN A/B projcos4,t4strict_pair_a_vs_b_40_200,projcos4,feasible_only,low-risk,3,80.0,0.0,1.05758,1,0,0.02,0.02,0.995,1,2.852113,0.998
single_task,risk_constrained,eval_018,LAN,3,lan_ab_projcos4,LAN A/B projcos4,t4strict_pair_a_vs_b_40_200,projcos4,feasible_only,low-risk,3,85.0,0.0,1.05564,1,0,0.02,0.02,0.995,1,2.852113,0.998
single_task,risk_constrained,eval_019,LAN,2,lan_single_homo_scalar16,LAN single-node homo scalar16,single_homo,scalar16,feasible_only,low-risk,1,90.0,0.0,0.85415,1,0,0.0,0.0,1.0,1,2.634826,1.0
single_task,risk_constrained,eval_020,LAN,1,lan_single_homo_scalar16,LAN single-node homo scalar16,single_homo,scalar16,feasible_only,low-risk,1,95.0,0.0,0.83987,1,0,0.0,0.0,1.0,1,2.634826,1.0
single_task,risk_constrained,eval_021,LAN,1,lan_single_homo_scalar16,LAN single-node homo scalar16,single_homo,scalar16,feasible_only,low-risk,1,100.0,0.0,0.83231,1,0,0.0,0.0,1.0,1,2.634826,1.0
single_task,risk_constrained,eval_022,LAN,1,lan_single_homo_scalar16,LAN single-node homo scalar16,single_homo,scalar16,feasible_only,low-risk,1,105.0,0.0,0.83399,1,0,0.0,0.0,1.0,1,2.634826,1.0
single_task,risk_constrained,eval_023,LAN,1,lan_single_homo_scalar16,LAN single-node homo scalar16,single_homo,scalar16,feasible_only,low-risk,1,110.0,0.0,0.83231,1,0,0.0,0.0,1.0,1,2.634826,1.0
single_task,risk_constrained,eval_024,LAN,1,lan_single_homo_scalar16,LAN single-node homo scalar16,single_homo,scalar16,feasible_only,low-risk,1,115.0,0.0,0.83231,1,0,0.0,0.0,1.0,1,2.634826,1.0
single_task,risk_constrained,eval_025,LAN,1,lan_single_homo_scalar16,LAN single-node homo scalar16,single_homo,scalar16,feasible_only,low-risk,1,120.0,0.0,0.83315,1,0,0.0,0.0,1.0,1,2.634826,1.0
single_task,risk_constrained,eval_026,LAN,1,lan_single_homo_scalar16,LAN single-node homo scalar16,single_homo,scalar16,feasible_only,low-risk,1,125.0,0.0,0.82979,1,0,0.0,0.0,1.0,1,2.634826,1.0
single_task,risk_constrained,eval_027,LAN,2,lan_single_homo_scalar16,LAN single-node homo scalar16,single_homo,scalar16,feasible_only,low-risk,1,130.0,0.0,0.84995,1,0,0.0,0.0,1.0,1,2.634826,1.0
single_task,risk_constrained,eval_028,LAN,2,lan_single_homo_scalar16,LAN single-node homo scalar16,single_homo,scalar16,feasible_only,low-risk,1,135.0,0.0,0.84827,1,0,0.0,0.0,1.0,1,2.634826,1.0
single_task,risk_constrained,eval_029,LAN,2,lan_single_homo_scalar16,LAN single-node homo scalar16,single_homo,scalar16,feasible_only,low-risk,1,140.0,0.0,0.84659,1,0,0.0,0.0,1.0,1,2.634826,1.0
single_task,risk_constrained,eval_030,LAN,1,lan_single_homo_scalar16,LAN single-node homo scalar16,single_homo,scalar16,feasible_only,low-risk,1,145.0,0.0,0.83231,1,0,0.0,0.0,1.0,1,2.634826,1.0
single_task,risk_constrained,eval_031,LAN,2,lan_single_homo_scalar16,LAN single-node homo scalar16,single_homo,scalar16,feasible_only,low-risk,1,150.0,0.0,0.84743,1,0,0.0,0.0,1.0,1,2.634826,1.0
single_task,risk_constrained,eval_032,LAN,2,lan_single_homo_scalar16,LAN single-node homo scalar16,single_homo,scalar16,feasible_only,low-risk,1,155.0,0.0,0.84911,1,0,0.0,0.0,1.0,1,2.634826,1.0
single_task,risk_constrained,eval_033,LAN,2,lan_single_homo_scalar16,LAN single-node homo scalar16,single_homo,scalar16,feasible_only,low-risk,1,160.0,0.0,0.84743,1,0,0.0,0.0,1.0,1,2.634826,1.0
single_task,risk_constrained,eval_034,LAN,2,lan_single_homo_scalar16,LAN single-node homo scalar16,single_homo,scalar16,feasible_only,low-risk,1,165.0,0.0,0.84743,1,0,0.0,0.0,1.0,1,2.634826,1.0
single_task,risk_constrained,eval_035,LAN,2,lan_single_homo_scalar16,LAN single-node homo scalar16,single_homo,scalar16,feasible_only,low-risk,1,170.0,0.0,0.84827,0,0,0.0,0.0,1.0,1,2.634826,0.0
single_task,risk_constrained,eval_036,LAN,2,lan_single_homo_scalar16,LAN single-node homo scalar16,single_homo,scalar16,feasible_only,low-risk,1,175.0,0.0,0.84491,1,0,0.0,0.0,1.0,1,2.634826,1.0
single_task,risk_constrained,eval_037,LAN,3,lan_ab_projcos4,LAN A/B projcos4,t4strict_pair_a_vs_b_40_200,projcos4,feasible_only,low-risk,3,180.0,0.0,1.06631,1,0,0.02,0.02,0.995,1,2.852113,0.998
single_task,risk_constrained,eval_038,LAN,3,lan_ab_projcos4,LAN A/B projcos4,t4strict_pair_a_vs_b_40_200,projcos4,feasible_only,low-risk,3,185.0,0.0,1.06437,1,0,0.02,0.02,0.995,1,2.852113,0.998
single_task,risk_constrained,eval_039,LAN,3,lan_ab_projcos4,LAN A/B projcos4,t4strict_pair_a_vs_b_40_200,projcos4,feasible_only,low-risk,3,190.0,0.0,1.06243,1,0,0.02,0.02,0.995,1,2.852113,0.998
single_task,risk_constrained,eval_040,LAN,2,lan_single_homo_scalar16,LAN single-node homo scalar16,single_homo,scalar16,feasible_only,low-risk,1,195.0,0.0,0.84743,1,0,0.0,0.0,1.0,1,2.634826,1.0
single_task,risk_constrained,eval_041,LAN,2,lan_single_homo_scalar16,LAN single-node homo scalar16,single_homo,scalar16,feasible_only,low-risk,1,200.0,0.0,0.84743,0,0,0.0,0.0,1.0,1,2.634826,0.0
single_task,risk_constrained,eval_042,LAN,2,lan_single_homo_scalar16,LAN single-node homo scalar16,single_homo,scalar16,feasible_only,low-risk,1,205.0,0.0,0.84911,1,0,0.0,0.0,1.0,1,2.634826,1.0
single_task,risk_constrained,eval_043,LAN,2,lan_single_homo_scalar16,LAN single-node homo scalar16,single_homo,scalar16,feasible_only,low-risk,1,210.0,0.0,0.84743,1,0,0.0,0.0,1.0,1,2.634826,1.0
single_task,risk_constrained,eval_044,LAN,2,lan_single_homo_scalar16,LAN single-node homo scalar16,single_homo,scalar16,feasible_only,low-risk,1,215.0,0.0,0.84743,1,0,0.0,0.0,1.0,1,2.634826,1.0
single_task,risk_constrained,eval_045,LAN,2,lan_single_homo_scalar16,LAN single-node homo scalar16,single_homo,scalar16,feasible_only,low-risk,1,220.0,0.0,0.84827,1,0,0.0,0.0,1.0,1,2.634826,1.0
single_task,risk_constrained,eval_046,LAN,2,lan_single_homo_scalar16,LAN single-node homo scalar16,single_homo,scalar16,feasible_only,low-risk,1,225.0,0.0,0.84491,1,0,0.0,0.0,1.0,1,2.634826,1.0
single_task,risk_constrained,eval_047,LAN,3,lan_ab_projcos4,LAN A/B projcos4,t4strict_pair_a_vs_b_40_200,projcos4,feasible_only,low-risk,3,230.0,0.0,1.06631,1,0,0.02,0.02,0.995,1,2.852113,0.998
single_task,risk_constrained,eval_048,LAN,3,lan_ab_projcos4,LAN A/B projcos4,t4strict_pair_a_vs_b_40_200,projcos4,feasible_only,low-risk,3,235.0,0.0,1.06437,1,0,0.02,0.02,0.995,1,2.852113,0.998
single_task,risk_constrained,eval_049,LAN,3,lan_ab_projcos4,LAN A/B projcos4,t4strict_pair_a_vs_b_40_200,projcos4,feasible_only,low-risk,3,240.0,0.0,1.06243,1,0,0.02,0.02,0.995,1,2.852113,0.998
single_task,risk_constrained,eval_050,LAN,2,lan_single_homo_scalar16,LAN single-node homo scalar16,single_homo,scalar16,feasible_only,low-risk,1,245.0,0.0,0.84743,1,0,0.0,0.0,1.0,1,2.634826,1.0
single_task,risk_constrained,eval_051,LAN,3,lan_ab_projcos4,LAN A/B projcos4,t4strict_pair_a_vs_b_40_200,projcos4,feasible_only,low-risk,3,250.0,0.0,1.05661,1,0,0.02,0.02,0.995,1,2.852113,0.998
single_task,risk_constrained,eval_052,LAN,3,lan_ab_projcos4,LAN A/B projcos4,t4strict_pair_a_vs_b_40_200,projcos4,feasible_only,low-risk,3,255.0,0.0,1.05855,1,0,0.02,0.02,0.995,1,2.852113,0.998
single_task,risk_constrained,eval_053,LAN,3,lan_ab_projcos4,LAN A/B projcos4,t4strict_pair_a_vs_b_40_200,projcos4,feasible_only,low-risk,3,260.0,0.0,1.05661,1,0,0.02,0.02,0.995,1,2.852113,0.998
single_task,risk_constrained,eval_054,LAN,3,lan_ab_projcos4,LAN A/B projcos4,t4strict_pair_a_vs_b_40_200,projcos4,feasible_only,low-risk,3,265.0,0.0,1.05661,1,0,0.02,0.02,0.995,1,2.852113,0.998
single_task,risk_constrained,eval_055,LAN,3,lan_ab_projcos4,LAN A/B projcos4,t4strict_pair_a_vs_b_40_200,projcos4,feasible_only,low-risk,3,270.0,0.0,1.05758,1,0,0.02,0.02,0.995,1,2.852113,0.998
single_task,risk_constrained,eval_056,LAN,2,lan_single_homo_scalar16,LAN single-node homo scalar16,single_homo,scalar16,feasible_only,low-risk,1,275.0,0.0,0.85415,1,0,0.0,0.0,1.0,1,2.634826,1.0
single_task,risk_constrained,eval_057,LAN,3,lan_ab_projcos4,LAN A/B projcos4,t4strict_pair_a_vs_b_40_200,projcos4,feasible_only,low-risk,3,280.0,0.0,1.07698,1,0,0.02,0.02,0.995,1,2.852113,0.998
single_task,risk_constrained,eval_058,LAN,3,lan_ab_projcos4,LAN A/B projcos4,t4strict_pair_a_vs_b_40_200,projcos4,feasible_only,low-risk,3,285.0,0.0,1.07504,1,0,0.02,0.02,0.995,1,2.852113,0.998
single_task,risk_constrained,eval_059,LAN,3,lan_ab_projcos4,LAN A/B projcos4,t4strict_pair_a_vs_b_40_200,projcos4,feasible_only,low-risk,3,290.0,0.0,1.0731,1,0,0.02,0.02,0.995,1,2.852113,0.998
single_task,risk_constrained,eval_060,LAN,3,lan_ab_projcos4,LAN A/B projcos4,t4strict_pair_a_vs_b_40_200,projcos4,feasible_only,low-risk,3,295.0,0.0,1.05661,1,0,0.02,0.02,0.995,1,2.852113,0.998
single_task,risk_constrained,eval_061,LAN,1,lan_single_homo_scalar16,LAN single-node homo scalar16,single_homo,scalar16,feasible_only,low-risk,1,300.0,0.0,0.83231,1,0,0.0,0.0,1.0,1,2.634826,1.0
single_task,risk_constrained,eval_062,LAN,1,lan_single_homo_scalar16,LAN single-node homo scalar16,single_homo,scalar16,feasible_only,low-risk,1,305.0,0.0,0.83399,1,0,0.0,0.0,1.0,1,2.634826,1.0
single_task,risk_constrained,eval_063,LAN,1,lan_single_homo_scalar16,LAN single-node homo scalar16,single_homo,scalar16,feasible_only,low-risk,1,310.0,0.0,0.83231,1,0,0.0,0.0,1.0,1,2.634826,1.0
single_task,risk_constrained,eval_064,LAN,1,lan_single_homo_scalar16,LAN single-node homo scalar16,single_homo,scalar16,feasible_only,low-risk,1,315.0,0.0,0.83231,1,0,0.0,0.0,1.0,1,2.634826,1.0
single_task,risk_constrained,eval_065,LAN,1,lan_single_homo_scalar16,LAN single-node homo scalar16,single_homo,scalar16,feasible_only,low-risk,1,320.0,0.0,0.83315,1,0,0.0,0.0,1.0,1,2.634826,1.0
single_task,risk_constrained,eval_066,LAN,1,lan_single_homo_scalar16,LAN single-node homo scalar16,single_homo,scalar16,feasible_only,low-risk,1,325.0,0.0,0.82979,1,0,0.0,0.0,1.0,1,2.634826,1.0
single_task,risk_constrained,eval_067,LAN,2,lan_single_homo_scalar16,LAN single-node homo scalar16,single_homo,scalar16,feasible_only,low-risk,1,330.0,0.0,0.84995,1,0,0.0,0.0,1.0,1,2.634826,1.0
single_task,risk_constrained,eval_068,LAN,2,lan_single_homo_scalar16,LAN single-node homo scalar16,single_homo,scalar16,feasible_only,low-risk,1,335.0,0.0,0.84827,1,0,0.0,0.0,1.0,1,2.634826,1.0
single_task,risk_constrained,eval_069,LAN,2,lan_single_homo_scalar16,LAN single-node homo scalar16,single_homo,scalar16,feasible_only,low-risk,1,340.0,0.0,0.84659,1,0,0.0,0.0,1.0,1,2.634826,1.0
single_task,risk_constrained,eval_070,LAN,1,lan_single_homo_scalar16,LAN single-node homo scalar16,single_homo,scalar16,feasible_only,low-risk,1,345.0,0.0,0.83231,1,0,0.0,0.0,1.0,1,2.634826,1.0
single_task,risk_constrained,eval_071,LAN,1,lan_single_homo_scalar16,LAN single-node homo scalar16,single_homo,scalar16,feasible_only,low-risk,1,350.0,0.0,0.83315,1,0,0.0,0.0,1.0,1,2.634826,1.0
single_task,risk_constrained,eval_072,LAN,1,lan_single_homo_scalar16,LAN single-node homo scalar16,single_homo,scalar16,feasible_only,low-risk,1,355.0,0.0,0.83483,1,0,0.0,0.0,1.0,1,2.634826,1.0
single_task,risk_constrained,eval_073,LAN,1,lan_single_homo_scalar16,LAN single-node homo scalar16,single_homo,scalar16,feasible_only,low-risk,1,360.0,0.0,0.83315,1,0,0.0,0.0,1.0,1,2.634826,1.0
single_task,risk_constrained,eval_074,LAN,1,lan_single_homo_scalar16,LAN single-node homo scalar16,single_homo,scalar16,feasible_only,low-risk,1,365.0,0.0,0.83315,1,0,0.0,0.0,1.0,1,2.634826,1.0
single_task,risk_constrained,eval_075,LAN,1,lan_single_homo_scalar16,LAN single-node homo scalar16,single_homo,scalar16,feasible_only,low-risk,1,370.0,0.0,0.83399,1,0,0.0,0.0,1.0,1,2.634826,1.0
single_task,risk_constrained,eval_076,LAN,1,lan_single_homo_scalar16,LAN single-node homo scalar16,single_homo,scalar16,feasible_only,low-risk,1,375.0,0.0,0.83063,1,0,0.0,0.0,1.0,1,2.634826,1.0
single_task,risk_constrained,eval_077,LAN,2,lan_single_homo_scalar16,LAN single-node homo scalar16,single_homo,scalar16,feasible_only,low-risk,1,380.0,0.0,0.85079,1,0,0.0,0.0,1.0,1,2.634826,1.0
single_task,risk_constrained,eval_078,LAN,2,lan_single_homo_scalar16,LAN single-node homo scalar16,single_homo,scalar16,feasible_only,low-risk,1,385.0,0.0,0.84911,1,0,0.0,0.0,1.0,1,2.634826,1.0
single_task,risk_constrained,eval_079,LAN,2,lan_single_homo_scalar16,LAN single-node homo scalar16,single_homo,scalar16,feasible_only,low-risk,1,390.0,0.0,0.84743,1,0,0.0,0.0,1.0,1,2.634826,1.0
single_task,risk_constrained,eval_080,LAN,1,lan_single_homo_scalar16,LAN single-node homo scalar16,single_homo,scalar16,feasible_only,low-risk,1,395.0,0.0,0.83315,1,0,0.0,0.0,1.0,1,2.634826,1.0
single_task,risk_constrained,eval_081,LAN,1,lan_single_homo_scalar16,LAN single-node homo scalar16,single_homo,scalar16,feasible_only,low-risk,1,400.0,0.0,0.83987,0,0,0.0,0.0,1.0,1,2.634826,0.0
single_task,risk_constrained,eval_082,LAN,1,lan_single_homo_scalar16,LAN single-node homo scalar16,single_homo,scalar16,feasible_only,low-risk,1,405.0,0.0,0.84155,1,0,0.0,0.0,1.0,1,2.634826,1.0
single_task,risk_constrained,eval_083,LAN,1,lan_single_homo_scalar16,LAN single-node homo scalar16,single_homo,scalar16,feasible_only,low-risk,1,410.0,0.0,0.83987,1,0,0.0,0.0,1.0,1,2.634826,1.0
single_task,risk_constrained,eval_084,LAN,1,lan_single_homo_scalar16,LAN single-node homo scalar16,single_homo,scalar16,feasible_only,low-risk,1,415.0,0.0,0.83987,1,0,0.0,0.0,1.0,1,2.634826,1.0
single_task,risk_constrained,eval_085,LAN,1,lan_single_homo_scalar16,LAN single-node homo scalar16,single_homo,scalar16,feasible_only,low-risk,1,420.0,0.0,0.84071,1,0,0.0,0.0,1.0,1,2.634826,1.0
single_task,risk_constrained,eval_086,LAN,1,lan_single_homo_scalar16,LAN single-node homo scalar16,single_homo,scalar16,feasible_only,low-risk,1,425.0,0.0,0.83735,1,0,0.0,0.0,1.0,1,2.634826,1.0
single_task,risk_constrained,eval_087,LAN,3,lan_ab_projcos4,LAN A/B projcos4,t4strict_pair_a_vs_b_40_200,projcos4,feasible_only,low-risk,3,430.0,0.0,1.05758,1,0,0.02,0.02,0.995,1,2.852113,0.998
single_task,risk_constrained,eval_088,LAN,3,lan_ab_projcos4,LAN A/B projcos4,t4strict_pair_a_vs_b_40_200,projcos4,feasible_only,low-risk,3,435.0,0.0,1.05564,1,0,0.02,0.02,0.995,1,2.852113,0.998
single_task,risk_constrained,eval_089,LAN,2,lan_single_homo_scalar16,LAN single-node homo scalar16,single_homo,scalar16,feasible_only,low-risk,1,440.0,0.0,0.85415,1,0,0.0,0.0,1.0,1,2.634826,1.0
single_task,risk_constrained,eval_090,LAN,1,lan_single_homo_scalar16,LAN single-node homo scalar16,single_homo,scalar16,feasible_only,low-risk,1,445.0,0.0,0.83987,1,0,0.0,0.0,1.0,1,2.634826,1.0
single_task,risk_constrained,eval_091,LAN,1,lan_single_homo_scalar16,LAN single-node homo scalar16,single_homo,scalar16,feasible_only,low-risk,1,450.0,0.0,0.84155,1,0,0.0,0.0,1.0,1,2.634826,1.0
single_task,risk_constrained,eval_092,LAN,2,lan_single_homo_scalar16,LAN single-node homo scalar16,single_homo,scalar16,feasible_only,low-risk,1,455.0,0.0,0.84323,1,0,0.0,0.0,1.0,1,2.634826,1.0
single_task,risk_constrained,eval_093,LAN,1,lan_single_homo_scalar16,LAN single-node homo scalar16,single_homo,scalar16,feasible_only,low-risk,1,460.0,0.0,0.84155,1,0,0.0,0.0,1.0,1,2.634826,1.0
single_task,risk_constrained,eval_094,LAN,1,lan_single_homo_scalar16,LAN single-node homo scalar16,single_homo,scalar16,feasible_only,low-risk,1,465.0,0.0,0.84155,1,0,0.0,0.0,1.0,1,2.634826,1.0
single_task,risk_constrained,eval_095,LAN,2,lan_single_homo_scalar16,LAN single-node homo scalar16,single_homo,scalar16,feasible_only,low-risk,1,470.0,0.0,0.84239,1,0,0.0,0.0,1.0,1,2.634826,1.0
single_task,risk_constrained,eval_096,LAN,1,lan_single_homo_scalar16,LAN single-node homo scalar16,single_homo,scalar16,feasible_only,low-risk,1,475.0,0.0,0.83903,1,0,0.0,0.0,1.0,1,2.634826,1.0
single_task,risk_constrained,eval_097,LAN,3,lan_ab_projcos4,LAN A/B projcos4,t4strict_pair_a_vs_b_40_200,projcos4,feasible_only,low-risk,3,480.0,0.0,1.05952,1,0,0.02,0.02,0.995,1,2.852113,0.998
single_task,risk_constrained,eval_098,LAN,3,lan_ab_projcos4,LAN A/B projcos4,t4strict_pair_a_vs_b_40_200,projcos4,feasible_only,low-risk,3,485.0,0.0,1.05758,1,0,0.02,0.02,0.995,1,2.852113,0.998
single_task,risk_constrained,eval_099,LAN,3,lan_ab_projcos4,LAN A/B projcos4,t4strict_pair_a_vs_b_40_200,projcos4,feasible_only,low-risk,3,490.0,0.0,1.05564,1,0,0.02,0.02,0.995,1,2.852113,0.998
single_task,risk_constrained,eval_100,LAN,1,lan_single_homo_scalar16,LAN single-node homo scalar16,single_homo,scalar16,feasible_only,low-risk,1,495.0,0.0,0.84155,1,0,0.0,0.0,1.0,1,2.634826,1.0
single_task,risk_constrained,eval_101,LAN,1,lan_single_homo_scalar16,LAN single-node homo scalar16,single_homo,scalar16,feasible_only,low-risk,1,500.0,0.0,0.83399,1,0,0.0,0.0,1.0,1,2.634826,1.0
single_task,risk_constrained,eval_102,LAN,1,lan_single_homo_scalar16,LAN single-node homo scalar16,single_homo,scalar16,feasible_only,low-risk,1,505.0,0.0,0.83567,1,0,0.0,0.0,1.0,1,2.634826,1.0
single_task,risk_constrained,eval_103,LAN,1,lan_single_homo_scalar16,LAN single-node homo scalar16,single_homo,scalar16,feasible_only,low-risk,1,510.0,0.0,0.83399,1,0,0.0,0.0,1.0,1,2.634826,1.0
single_task,risk_constrained,eval_104,LAN,1,lan_single_homo_scalar16,LAN single-node homo scalar16,single_homo,scalar16,feasible_only,low-risk,1,515.0,0.0,0.83399,1,0,0.0,0.0,1.0,1,2.634826,1.0
single_task,risk_constrained,eval_105,LAN,1,lan_single_homo_scalar16,LAN single-node homo scalar16,single_homo,scalar16,feasible_only,low-risk,1,520.0,0.0,0.83483,1,0,0.0,0.0,1.0,1,2.634826,1.0
single_task,risk_constrained,eval_106,LAN,1,lan_single_homo_scalar16,LAN single-node homo scalar16,single_homo,scalar16,feasible_only,low-risk,1,525.0,0.0,0.83147,1,0,0.0,0.0,1.0,1,2.634826,1.0
single_task,risk_constrained,eval_107,LAN,2,lan_single_homo_scalar16,LAN single-node homo scalar16,single_homo,scalar16,feasible_only,low-risk,1,530.0,0.0,0.85163,1,0,0.0,0.0,1.0,1,2.634826,1.0
single_task,risk_constrained,eval_108,LAN,2,lan_single_homo_scalar16,LAN single-node homo scalar16,single_homo,scalar16,feasible_only,low-risk,1,535.0,0.0,0.84995,1,0,0.0,0.0,1.0,1,2.634826,1.0
single_task,risk_constrained,eval_109,LAN,2,lan_single_homo_scalar16,LAN single-node homo scalar16,single_homo,scalar16,feasible_only,low-risk,1,540.0,0.0,0.84827,1,0,0.0,0.0,1.0,1,2.634826,1.0
single_task,risk_constrained,eval_110,LAN,1,lan_single_homo_scalar16,LAN single-node homo scalar16,single_homo,scalar16,feasible_only,low-risk,1,545.0,0.0,0.83399,1,0,0.0,0.0,1.0,1,2.634826,1.0
single_task,risk_constrained,eval_111,LAN,1,lan_single_homo_scalar16,LAN single-node homo scalar16,single_homo,scalar16,feasible_only,low-risk,1,550.0,0.0,0.83483,1,0,0.0,0.0,1.0,1,2.634826,1.0
single_task,risk_constrained,eval_112,LAN,1,lan_single_homo_scalar16,LAN single-node homo scalar16,single_homo,scalar16,feasible_only,low-risk,1,555.0,0.0,0.83651,1,0,0.0,0.0,1.0,1,2.634826,1.0
single_task,risk_constrained,eval_113,LAN,1,lan_single_homo_scalar16,LAN single-node homo scalar16,single_homo,scalar16,feasible_only,low-risk,1,560.0,0.0,0.83483,1,0,0.0,0.0,1.0,1,2.634826,1.0
single_task,risk_constrained,eval_114,LAN,1,lan_single_homo_scalar16,LAN single-node homo scalar16,single_homo,scalar16,feasible_only,low-risk,1,565.0,0.0,0.83483,1,0,0.0,0.0,1.0,1,2.634826,1.0
single_task,risk_constrained,eval_115,LAN,1,lan_single_homo_scalar16,LAN single-node homo scalar16,single_homo,scalar16,feasible_only,low-risk,1,570.0,0.0,0.83567,1,0,0.0,0.0,1.0,1,2.634826,1.0
single_task,risk_constrained,eval_116,LAN,1,lan_single_homo_scalar16,LAN single-node homo scalar16,single_homo,scalar16,feasible_only,low-risk,1,575.0,0.0,0.83231,1,0,0.0,0.0,1.0,1,2.634826,1.0
single_task,risk_constrained,eval_117,LAN,2,lan_single_homo_scalar16,LAN single-node homo scalar16,single_homo,scalar16,feasible_only,low-risk,1,580.0,0.0,0.85247,1,0,0.0,0.0,1.0,1,2.634826,1.0
single_task,risk_constrained,eval_118,LAN,2,lan_single_homo_scalar16,LAN single-node homo scalar16,single_homo,scalar16,feasible_only,low-risk,1,585.0,0.0,0.85079,0,0,0.0,0.0,1.0,1,2.634826,0.0
single_task,risk_constrained,eval_119,LAN,2,lan_single_homo_scalar16,LAN single-node homo scalar16,single_homo,scalar16,feasible_only,low-risk,1,590.0,0.0,0.84911,1,0,0.0,0.0,1.0,1,2.634826,1.0
single_task,risk_constrained,eval_120,LAN,1,lan_single_homo_scalar16,LAN single-node homo scalar16,single_homo,scalar16,feasible_only,low-risk,1,595.0,0.0,0.83483,1,0,0.0,0.0,1.0,1,2.634826,1.0
single_task,risk_constrained,eval_121,LAN,1,lan_single_homo_scalar16,LAN single-node homo scalar16,single_homo,scalar16,feasible_only,low-risk,1,600.0,0.0,0.83987,1,0,0.0,0.0,1.0,1,2.634826,1.0
single_task,risk_constrained,eval_122,LAN,1,lan_single_homo_scalar16,LAN single-node homo scalar16,single_homo,scalar16,feasible_only,low-risk,1,605.0,0.0,0.84155,1,0,0.0,0.0,1.0,1,2.634826,1.0
single_task,risk_constrained,eval_123,LAN,1,lan_single_homo_scalar16,LAN single-node homo scalar16,single_homo,scalar16,feasible_only,low-risk,1,610.0,0.0,0.83987,1,0,0.0,0.0,1.0,1,2.634826,1.0
single_task,risk_constrained,eval_124,LAN,1,lan_single_homo_scalar16,LAN single-node homo scalar16,single_homo,scalar16,feasible_only,low-risk,1,615.0,0.0,0.83987,1,0,0.0,0.0,1.0,1,2.634826,1.0
single_task,risk_constrained,eval_125,LAN,1,lan_single_homo_scalar16,LAN single-node homo scalar16,single_homo,scalar16,feasible_only,low-risk,1,620.0,0.0,0.84071,1,0,0.0,0.0,1.0,1,2.634826,1.0
single_task,risk_constrained,eval_126,LAN,1,lan_single_homo_scalar16,LAN single-node homo scalar16,single_homo,scalar16,feasible_only,low-risk,1,625.0,0.0,0.83735,1,0,0.0,0.0,1.0,1,2.634826,1.0
single_task,risk_constrained,eval_127,LAN,3,lan_ab_projcos4,LAN A/B projcos4,t4strict_pair_a_vs_b_40_200,projcos4,feasible_only,low-risk,3,630.0,0.0,1.05758,1,0,0.02,0.02,0.995,1,2.852113,0.998
single_task,risk_constrained,eval_128,LAN,3,lan_ab_projcos4,LAN A/B projcos4,t4strict_pair_a_vs_b_40_200,projcos4,feasible_only,low-risk,3,635.0,0.0,1.05564,1,0,0.02,0.02,0.995,1,2.852113,0.998
single_task,risk_constrained,eval_129,LAN,2,lan_single_homo_scalar16,LAN single-node homo scalar16,single_homo,scalar16,feasible_only,low-risk,1,640.0,0.0,0.85415,1,0,0.0,0.0,1.0,1,2.634826,1.0
single_task,risk_constrained,eval_130,LAN,1,lan_single_homo_scalar16,LAN single-node homo scalar16,single_homo,scalar16,feasible_only,low-risk,1,645.0,0.0,0.83987,1,0,0.0,0.0,1.0,1,2.634826,1.0
single_task,risk_constrained,eval_131,LAN,2,lan_single_homo_scalar16,LAN single-node homo scalar16,single_homo,scalar16,feasible_only,low-risk,1,650.0,0.0,0.84407,0,0,0.0,0.0,1.0,1,2.634826,0.0
single_task,risk_constrained,eval_132,LAN,2,lan_single_homo_scalar16,LAN single-node homo scalar16,single_homo,scalar16,feasible_only,low-risk,1,655.0,0.0,0.84575,0,0,0.0,0.0,1.0,1,2.634826,0.0
single_task,risk_constrained,eval_133,LAN,2,lan_single_homo_scalar16,LAN single-node homo scalar16,single_homo,scalar16,feasible_only,low-risk,1,660.0,0.0,0.84407,1,0,0.0,0.0,1.0,1,2.634826,1.0
single_task,risk_constrained,eval_134,LAN,2,lan_single_homo_scalar16,LAN single-node homo scalar16,single_homo,scalar16,feasible_only,low-risk,1,665.0,0.0,0.84407,1,0,0.0,0.0,1.0,1,2.634826,1.0
single_task,risk_constrained,eval_135,LAN,2,lan_single_homo_scalar16,LAN single-node homo scalar16,single_homo,scalar16,feasible_only,low-risk,1,670.0,0.0,0.84491,1,0,0.0,0.0,1.0,1,2.634826,1.0
single_task,risk_constrained,eval_136,LAN,1,lan_single_homo_scalar16,LAN single-node homo scalar16,single_homo,scalar16,feasible_only,low-risk,1,675.0,0.0,0.84155,1,0,0.0,0.0,1.0,1,2.634826,1.0
single_task,risk_constrained,eval_137,LAN,3,lan_ab_projcos4,LAN A/B projcos4,t4strict_pair_a_vs_b_40_200,projcos4,feasible_only,low-risk,3,680.0,0.0,1.06243,1,0,0.02,0.02,0.995,1,2.852113,0.998
single_task,risk_constrained,eval_138,LAN,3,lan_ab_projcos4,LAN A/B projcos4,t4strict_pair_a_vs_b_40_200,projcos4,feasible_only,low-risk,3,685.0,0.0,1.06049,1,0,0.02,0.02,0.995,1,2.852113,0.998
single_task,risk_constrained,eval_139,LAN,3,lan_ab_projcos4,LAN A/B projcos4,t4strict_pair_a_vs_b_40_200,projcos4,feasible_only,low-risk,3,690.0,0.0,1.05855,1,0,0.02,0.02,0.995,1,2.852113,0.998
single_task,risk_constrained,eval_140,LAN,2,lan_single_homo_scalar16,LAN single-node homo scalar16,single_homo,scalar16,feasible_only,low-risk,1,695.0,0.0,0.84407,1,0,0.0,0.0,1.0,1,2.634826,1.0
single_task,risk_constrained,eval_141,WAN,1,wan_ad_projcos4,WAN A/D projcos4,t4strict_pair_a_vs_d_40_200,projcos4,feasible_only,low-risk,3,700.0,0.0,1.24875,1,0,0.02,0.02,0.995,1,2.775853,0.998
single_task,risk_constrained,eval_142,WAN,1,wan_ad_projcos4,WAN A/D projcos4,t4strict_pair_a_vs_d_40_200,projcos4,feasible_only,low-risk,3,705.0,0.0,1.25073,1,0,0.02,0.02,0.995,1,2.775853,0.998
single_task,risk_constrained,eval_143,WAN,1,wan_ad_projcos4,WAN A/D projcos4,t4strict_pair_a_vs_d_40_200,projcos4,feasible_only,low-risk,3,710.0,0.0,1.24875,1,1,0.02,0.02,0.995,1,6.145547,0.848
single_task,risk_constrained,eval_144,WAN,1,wan_ad_projcos4,WAN A/D projcos4,t4strict_pair_a_vs_d_40_200,projcos4,feasible_only,low-risk,3,715.0,0.0,1.24875,1,0,0.02,0.02,0.995,1,2.775853,0.998
single_task,risk_constrained,eval_145,WAN,1,wan_ad_projcos4,WAN A/D projcos4,t4strict_pair_a_vs_d_40_200,projcos4,feasible_only,low-risk,3,720.0,0.0,1.24974,0,0,0.02,0.02,0.995,1,2.775853,-0.002
single_task,risk_constrained,eval_146,WAN,1,wan_ad_projcos4,WAN A/D projcos4,t4strict_pair_a_vs_d_40_200,projcos4,feasible_only,low-risk,3,725.0,0.0,1.24578,1,1,0.02,0.02,0.995,1,6.145547,0.848
single_task,risk_constrained,eval_147,WAN,2,wan_ad_projcos4,WAN A/D projcos4,t4strict_pair_a_vs_d_40_200,projcos4,feasible_only,low-risk,3,730.0,0.0,1.26954,1,0,0.02,0.02,0.995,1,2.775853,0.998
single_task,risk_constrained,eval_148,WAN,2,wan_ad_projcos4,WAN A/D projcos4,t4strict_pair_a_vs_d_40_200,projcos4,feasible_only,low-risk,3,735.0,0.0,1.26756,1,0,0.02,0.02,0.995,1,2.775853,0.998
single_task,risk_constrained,eval_149,WAN,2,wan_ad_projcos4,WAN A/D projcos4,t4strict_pair_a_vs_d_40_200,projcos4,feasible_only,low-risk,3,740.0,0.0,1.26558,1,0,0.02,0.02,0.995,1,2.775853,0.998
single_task,risk_constrained,eval_150,WAN,1,wan_ad_projcos4,WAN A/D projcos4,t4strict_pair_a_vs_d_40_200,projcos4,feasible_only,low-risk,3,745.0,0.0,1.24875,1,0,0.02,0.02,0.995,1,2.775853,0.998
single_task,risk_constrained,eval_151,WAN,1,wan_ad_projcos4,WAN A/D projcos4,t4strict_pair_a_vs_d_40_200,projcos4,feasible_only,low-risk,3,750.0,0.0,1.25172,1,0,0.02,0.02,0.995,1,2.775853,0.998
single_task,risk_constrained,eval_152,WAN,1,wan_ad_projcos4,WAN A/D projcos4,t4strict_pair_a_vs_d_40_200,projcos4,feasible_only,low-risk,3,755.0,0.0,1.2537,1,0,0.02,0.02,0.995,1,2.775853,0.998
single_task,risk_constrained,eval_153,WAN,1,wan_ad_projcos4,WAN A/D projcos4,t4strict_pair_a_vs_d_40_200,projcos4,feasible_only,low-risk,3,760.0,0.0,1.25172,1,0,0.02,0.02,0.995,1,2.775853,0.998
single_task,risk_constrained,eval_154,WAN,1,wan_ad_projcos4,WAN A/D projcos4,t4strict_pair_a_vs_d_40_200,projcos4,feasible_only,low-risk,3,765.0,0.0,1.25172,1,0,0.02,0.02,0.995,1,2.775853,0.998
single_task,risk_constrained,eval_155,WAN,1,wan_ad_projcos4,WAN A/D projcos4,t4strict_pair_a_vs_d_40_200,projcos4,feasible_only,low-risk,3,770.0,0.0,1.25271,1,0,0.02,0.02,0.995,1,2.775853,0.998
single_task,risk_constrained,eval_156,WAN,1,wan_ad_projcos4,WAN A/D projcos4,t4strict_pair_a_vs_d_40_200,projcos4,feasible_only,low-risk,3,775.0,0.0,1.24875,1,0,0.02,0.02,0.995,1,2.775853,0.998
single_task,risk_constrained,eval_157,WAN,2,wan_ad_projcos4,WAN A/D projcos4,t4strict_pair_a_vs_d_40_200,projcos4,feasible_only,low-risk,3,780.0,0.0,1.27251,1,0,0.02,0.02,0.995,1,2.775853,0.998
single_task,risk_constrained,eval_158,WAN,2,wan_ad_projcos4,WAN A/D projcos4,t4strict_pair_a_vs_d_40_200,projcos4,feasible_only,low-risk,3,785.0,0.0,1.27053,1,0,0.02,0.02,0.995,1,2.775853,0.998
single_task,risk_constrained,eval_159,WAN,2,wan_ad_projcos4,WAN A/D projcos4,t4strict_pair_a_vs_d_40_200,projcos4,feasible_only,low-risk,3,790.0,0.0,1.26855,1,0,0.02,0.02,0.995,1,2.775853,0.998
single_task,risk_constrained,eval_160,WAN,1,wan_ad_projcos4,WAN A/D projcos4,t4strict_pair_a_vs_d_40_200,projcos4,feasible_only,low-risk,3,795.0,0.0,1.25172,1,0,0.02,0.02,0.995,1,2.775853,0.998
single_task,risk_constrained,eval_161,WAN,2,wan_ad_projcos4,WAN A/D projcos4,t4strict_pair_a_vs_d_40_200,projcos4,feasible_only,low-risk,3,800.0,0.0,1.26162,1,0,0.02,0.02,0.995,1,2.775853,0.998
single_task,risk_constrained,eval_162,WAN,2,wan_ad_projcos4,WAN A/D projcos4,t4strict_pair_a_vs_d_40_200,projcos4,feasible_only,low-risk,3,805.0,0.0,1.2636,1,0,0.02,0.02,0.995,1,2.775853,0.998
single_task,risk_constrained,eval_163,WAN,2,wan_ad_projcos4,WAN A/D projcos4,t4strict_pair_a_vs_d_40_200,projcos4,feasible_only,low-risk,3,810.0,0.0,1.26162,1,0,0.02,0.02,0.995,1,2.775853,0.998
single_task,risk_constrained,eval_164,WAN,2,wan_ad_projcos4,WAN A/D projcos4,t4strict_pair_a_vs_d_40_200,projcos4,feasible_only,low-risk,3,815.0,0.0,1.26162,1,0,0.02,0.02,0.995,1,2.775853,0.998
single_task,risk_constrained,eval_165,WAN,2,wan_ad_projcos4,WAN A/D projcos4,t4strict_pair_a_vs_d_40_200,projcos4,feasible_only,low-risk,3,820.0,0.0,1.26261,1,0,0.02,0.02,0.995,1,2.775853,0.998
single_task,risk_constrained,eval_166,WAN,1,wan_ad_projcos4,WAN A/D projcos4,t4strict_pair_a_vs_d_40_200,projcos4,feasible_only,low-risk,3,825.0,0.0,1.25865,1,0,0.02,0.02,0.995,1,2.775853,0.998
single_task,risk_constrained,eval_167,WAN,3,wan_ad_projcos4,WAN A/D projcos4,t4strict_pair_a_vs_d_40_200,projcos4,feasible_only,low-risk,3,830.0,0.0,1.28241,1,0,0.02,0.02,0.995,1,2.775853,0.998
single_task,risk_constrained,eval_168,WAN,3,wan_ad_projcos4,WAN A/D projcos4,t4strict_pair_a_vs_d_40_200,projcos4,feasible_only,low-risk,3,835.0,0.0,1.28043,1,0,0.02,0.02,0.995,1,2.775853,0.998
single_task,risk_constrained,eval_169,WAN,3,wan_ad_projcos4,WAN A/D projcos4,t4strict_pair_a_vs_d_40_200,projcos4,feasible_only,low-risk,3,840.0,0.0,1.27845,1,0,0.02,0.02,0.995,1,2.775853,0.998
single_task,risk_constrained,eval_170,WAN,2,wan_ad_projcos4,WAN A/D projcos4,t4strict_pair_a_vs_d_40_200,projcos4,feasible_only,low-risk,3,845.0,0.0,1.26162,1,0,0.02,0.02,0.995,1,2.775853,0.998
single_task,risk_constrained,eval_171,WAN,1,wan_ad_projcos4,WAN A/D projcos4,t4strict_pair_a_vs_d_40_200,projcos4,feasible_only,low-risk,3,850.0,0.0,1.25865,1,0,0.02,0.02,0.995,1,2.775853,0.998
single_task,risk_constrained,eval_172,WAN,2,wan_ad_projcos4,WAN A/D projcos4,t4strict_pair_a_vs_d_40_200,projcos4,feasible_only,low-risk,3,855.0,0.0,1.26063,1,0,0.02,0.02,0.995,1,2.775853,0.998
single_task,risk_constrained,eval_173,WAN,1,wan_ad_projcos4,WAN A/D projcos4,t4strict_pair_a_vs_d_40_200,projcos4,feasible_only,low-risk,3,860.0,0.0,1.25865,0,0,0.02,0.02,0.995,1,2.775853,-0.002
single_task,risk_constrained,eval_174,WAN,1,wan_ad_projcos4,WAN A/D projcos4,t4strict_pair_a_vs_d_40_200,projcos4,feasible_only,low-risk,3,865.0,0.0,1.25865,1,0,0.02,0.02,0.995,1,2.775853,0.998
single_task,risk_constrained,eval_175,WAN,2,wan_ad_projcos4,WAN A/D projcos4,t4strict_pair_a_vs_d_40_200,projcos4,feasible_only,low-risk,3,870.0,0.0,1.25964,1,0,0.02,0.02,0.995,1,2.775853,0.998
single_task,risk_constrained,eval_176,WAN,1,wan_ad_projcos4,WAN A/D projcos4,t4strict_pair_a_vs_d_40_200,projcos4,feasible_only,low-risk,3,875.0,0.0,1.25568,1,0,0.02,0.02,0.995,1,2.775853,0.998
single_task,risk_constrained,eval_177,WAN,3,wan_ad_projcos4,WAN A/D projcos4,t4strict_pair_a_vs_d_40_200,projcos4,feasible_only,low-risk,3,880.0,0.0,1.27944,1,0,0.02,0.02,0.995,1,2.775853,0.998
single_task,risk_constrained,eval_178,WAN,3,wan_ad_projcos4,WAN A/D projcos4,t4strict_pair_a_vs_d_40_200,projcos4,feasible_only,low-risk,3,885.0,0.0,1.27746,1,0,0.02,0.02,0.995,1,2.775853,0.998
single_task,risk_constrained,eval_179,WAN,3,wan_ad_projcos4,WAN A/D projcos4,t4strict_pair_a_vs_d_40_200,projcos4,feasible_only,low-risk,3,890.0,0.0,1.27548,1,0,0.02,0.02,0.995,1,2.775853,0.998
single_task,risk_constrained,eval_180,WAN,1,wan_ad_projcos4,WAN A/D projcos4,t4strict_pair_a_vs_d_40_200,projcos4,feasible_only,low-risk,3,895.0,0.0,1.25865,1,0,0.02,0.02,0.995,1,2.775853,0.998
single_task,risk_constrained,eval_181,WAN,2,wan_ad_projcos4,WAN A/D projcos4,t4strict_pair_a_vs_d_40_200,projcos4,feasible_only,low-risk,3,900.0,0.0,1.26756,1,0,0.02,0.02,0.995,1,2.775853,0.998
single_task,risk_constrained,eval_182,WAN,2,wan_ad_projcos4,WAN A/D projcos4,t4strict_pair_a_vs_d_40_200,projcos4,feasible_only,low-risk,3,905.0,0.0,1.26954,1,0,0.02,0.02,0.995,1,2.775853,0.998
single_task,risk_constrained,eval_183,WAN,2,wan_ad_projcos4,WAN A/D projcos4,t4strict_pair_a_vs_d_40_200,projcos4,feasible_only,low-risk,3,910.0,0.0,1.26756,1,0,0.02,0.02,0.995,1,2.775853,0.998
single_task,risk_constrained,eval_184,WAN,2,wan_ad_projcos4,WAN A/D projcos4,t4strict_pair_a_vs_d_40_200,projcos4,feasible_only,low-risk,3,915.0,0.0,1.26756,1,0,0.02,0.02,0.995,1,2.775853,0.998
single_task,risk_constrained,eval_185,WAN,2,wan_ad_projcos4,WAN A/D projcos4,t4strict_pair_a_vs_d_40_200,projcos4,feasible_only,low-risk,3,920.0,0.0,1.26855,1,0,0.02,0.02,0.995,1,2.775853,0.998
single_task,risk_constrained,eval_186,WAN,2,wan_ad_projcos4,WAN A/D projcos4,t4strict_pair_a_vs_d_40_200,projcos4,feasible_only,low-risk,3,925.0,0.0,1.26459,1,0,0.02,0.02,0.995,1,2.775853,0.998
single_task,risk_constrained,eval_187,WAN,3,wan_ad_projcos4,WAN A/D projcos4,t4strict_pair_a_vs_d_40_200,projcos4,feasible_only,low-risk,3,930.0,0.0,1.28835,1,0,0.02,0.02,0.995,1,2.775853,0.998
single_task,risk_constrained,eval_188,WAN,3,wan_ad_projcos4,WAN A/D projcos4,t4strict_pair_a_vs_d_40_200,projcos4,feasible_only,low-risk,3,935.0,0.0,1.28637,1,0,0.02,0.02,0.995,1,2.775853,0.998
single_task,risk_constrained,eval_189,WAN,3,wan_ad_projcos4,WAN A/D projcos4,t4strict_pair_a_vs_d_40_200,projcos4,feasible_only,low-risk,3,940.0,0.0,1.28439,1,0,0.02,0.02,0.995,1,2.775853,0.998
single_task,risk_constrained,eval_190,WAN,2,wan_ad_projcos4,WAN A/D projcos4,t4strict_pair_a_vs_d_40_200,projcos4,feasible_only,low-risk,3,945.0,0.0,1.26756,1,0,0.02,0.02,0.995,1,2.775853,0.998
single_task,risk_constrained,eval_191,WAN,2,wan_ad_projcos4,WAN A/D projcos4,t4strict_pair_a_vs_d_40_200,projcos4,feasible_only,low-risk,3,950.0,0.0,1.26756,1,0,0.02,0.02,0.995,1,2.775853,0.998
single_task,risk_constrained,eval_192,WAN,2,wan_ad_projcos4,WAN A/D projcos4,t4strict_pair_a_vs_d_40_200,projcos4,feasible_only,low-risk,3,955.0,0.0,1.26954,1,0,0.02,0.02,0.995,1,2.775853,0.998
single_task,risk_constrained,eval_193,WAN,2,wan_ad_projcos4,WAN A/D projcos4,t4strict_pair_a_vs_d_40_200,projcos4,feasible_only,low-risk,3,960.0,0.0,1.26756,1,0,0.02,0.02,0.995,1,2.775853,0.998
single_task,risk_constrained,eval_194,WAN,2,wan_ad_projcos4,WAN A/D projcos4,t4strict_pair_a_vs_d_40_200,projcos4,feasible_only,low-risk,3,965.0,0.0,1.26756,1,0,0.02,0.02,0.995,1,2.775853,0.998
single_task,risk_constrained,eval_195,WAN,2,wan_ad_projcos4,WAN A/D projcos4,t4strict_pair_a_vs_d_40_200,projcos4,feasible_only,low-risk,3,970.0,0.0,1.26855,1,0,0.02,0.02,0.995,1,2.775853,0.998
single_task,risk_constrained,eval_196,WAN,2,wan_ad_projcos4,WAN A/D projcos4,t4strict_pair_a_vs_d_40_200,projcos4,feasible_only,low-risk,3,975.0,0.0,1.26459,1,0,0.02,0.02,0.995,1,2.775853,0.998
single_task,risk_constrained,eval_197,WAN,3,wan_ad_projcos4,WAN A/D projcos4,t4strict_pair_a_vs_d_40_200,projcos4,feasible_only,low-risk,3,980.0,0.0,1.28835,1,0,0.02,0.02,0.995,1,2.775853,0.998
single_task,risk_constrained,eval_198,WAN,3,wan_ad_projcos4,WAN A/D projcos4,t4strict_pair_a_vs_d_40_200,projcos4,feasible_only,low-risk,3,985.0,0.0,1.28637,1,0,0.02,0.02,0.995,1,2.775853,0.998
single_task,risk_constrained,eval_199,WAN,3,wan_ad_projcos4,WAN A/D projcos4,t4strict_pair_a_vs_d_40_200,projcos4,feasible_only,low-risk,3,990.0,0.0,1.28439,1,0,0.02,0.02,0.995,1,2.775853,0.998
single_task,risk_constrained,eval_200,WAN,2,wan_ad_projcos4,WAN A/D projcos4,t4strict_pair_a_vs_d_40_200,projcos4,feasible_only,low-risk,3,995.0,0.0,1.26756,1,1,0.02,0.02,0.995,1,6.145547,0.848
single_task,adaptive_verifier,eval_001,LAN,3,lan_ab_projcos4,LAN A/B projcos4,t4strict_pair_a_vs_b_40_200,projcos4,upgrade_verifier:t4strict_pair_a_vs_b_40_200,low-risk,3,0.0,0.0,1.05564,1,0,0.02,0.02,0.995,1,2.852113,0.998
single_task,adaptive_verifier,eval_002,LAN,3,lan_ab_projcos4,LAN A/B projcos4,t4strict_pair_a_vs_b_40_200,projcos4,upgrade_verifier:t4strict_pair_a_vs_b_40_200,low-risk,3,5.0,0.0,1.05758,1,0,0.02,0.02,0.995,1,2.852113,0.998
single_task,adaptive_verifier,eval_003,LAN,3,lan_ab_projcos4,LAN A/B projcos4,t4strict_pair_a_vs_b_40_200,projcos4,upgrade_verifier:t4strict_pair_a_vs_b_40_200,low-risk,3,10.0,0.0,1.05564,1,0,0.02,0.02,0.995,1,2.852113,0.998
single_task,adaptive_verifier,eval_004,LAN,3,lan_ab_projcos4,LAN A/B projcos4,t4strict_pair_a_vs_b_40_200,projcos4,upgrade_verifier:t4strict_pair_a_vs_b_40_200,low-risk,3,15.0,0.0,1.05564,1,0,0.02,0.02,0.995,1,2.852113,0.998
single_task,adaptive_verifier,eval_005,LAN,3,lan_ab_projcos4,LAN A/B projcos4,t4strict_pair_a_vs_b_40_200,projcos4,upgrade_verifier:t4strict_pair_a_vs_b_40_200,low-risk,3,20.0,0.0,1.05661,1,0,0.02,0.02,0.995,1,2.852113,0.998
single_task,adaptive_verifier,eval_006,LAN,2,lan_single_homo_scalar16,LAN single-node homo scalar16,single_homo,scalar16,keep_baseline:single_homo,low-risk,1,25.0,0.0,0.85331,1,0,0.0,0.0,1.0,1,2.634826,1.0
single_task,adaptive_verifier,eval_007,LAN,3,lan_ab_projcos4,LAN A/B projcos4,t4strict_pair_a_vs_b_40_200,projcos4,upgrade_verifier:t4strict_pair_a_vs_b_40_200,low-risk,3,30.0,0.0,1.07601,1,0,0.02,0.02,0.995,1,2.852113,0.998
single_task,adaptive_verifier,eval_008,LAN,3,lan_ab_projcos4,LAN A/B projcos4,t4strict_pair_a_vs_b_40_200,projcos4,upgrade_verifier:t4strict_pair_a_vs_b_40_200,low-risk,3,35.0,0.0,1.07407,1,0,0.02,0.02,0.995,1,2.852113,0.998
single_task,adaptive_verifier,eval_009,LAN,3,lan_ab_projcos4,LAN A/B projcos4,t4strict_pair_a_vs_b_40_200,projcos4,upgrade_verifier:t4strict_pair_a_vs_b_40_200,low-risk,3,40.0,0.0,1.07213,1,0,0.02,0.02,0.995,1,2.852113,0.998
single_task,adaptive_verifier,eval_010,LAN,3,lan_ab_projcos4,LAN A/B projcos4,t4strict_pair_a_vs_b_40_200,projcos4,upgrade_verifier:t4strict_pair_a_vs_b_40_200,low-risk,3,45.0,0.0,1.05564,1,0,0.02,0.02,0.995,1,2.852113,0.998
single_task,adaptive_verifier,eval_011,LAN,1,lan_single_homo_scalar16,LAN single-node homo scalar16,single_homo,scalar16,keep_baseline:single_homo,low-risk,1,50.0,0.0,0.83987,1,0,0.0,0.0,1.0,1,2.634826,1.0
single_task,adaptive_verifier,eval_012,LAN,1,lan_single_homo_scalar16,LAN single-node homo scalar16,single_homo,scalar16,keep_baseline:single_homo,low-risk,1,55.0,0.0,0.84155,1,0,0.0,0.0,1.0,1,2.634826,1.0
single_task,adaptive_verifier,eval_013,LAN,1,lan_single_homo_scalar16,LAN single-node homo scalar16,single_homo,scalar16,keep_baseline:single_homo,low-risk,1,60.0,0.0,0.83987,1,0,0.0,0.0,1.0,1,2.634826,1.0
single_task,adaptive_verifier,eval_014,LAN,1,lan_single_homo_scalar16,LAN single-node homo scalar16,single_homo,scalar16,keep_baseline:single_homo,low-risk,1,65.0,0.0,0.83987,0,0,0.0,0.0,1.0,1,2.634826,0.0
single_task,adaptive_verifier,eval_015,LAN,1,lan_single_homo_scalar16,LAN single-node homo scalar16,single_homo,scalar16,keep_baseline:single_homo,low-risk,1,70.0,0.0,0.84071,1,0,0.0,0.0,1.0,1,2.634826,1.0
single_task,adaptive_verifier,eval_016,LAN,1,lan_single_homo_scalar16,LAN single-node homo scalar16,single_homo,scalar16,keep_baseline:single_homo,low-risk,1,75.0,0.0,0.83735,1,0,0.0,0.0,1.0,1,2.634826,1.0
single_task,adaptive_verifier,eval_017,LAN,3,lan_ab_projcos4,LAN A/B projcos4,t4strict_pair_a_vs_b_40_200,projcos4,upgrade_verifier:t4strict_pair_a_vs_b_40_200,low-risk,3,80.0,0.0,1.05758,1,0,0.02,0.02,0.995,1,2.852113,0.998
single_task,adaptive_verifier,eval_018,LAN,3,lan_ab_projcos4,LAN A/B projcos4,t4strict_pair_a_vs_b_40_200,projcos4,upgrade_verifier:t4strict_pair_a_vs_b_40_200,low-risk,3,85.0,0.0,1.05564,1,0,0.02,0.02,0.995,1,2.852113,0.998
single_task,adaptive_verifier,eval_019,LAN,2,lan_single_homo_scalar16,LAN single-node homo scalar16,single_homo,scalar16,keep_baseline:single_homo,low-risk,1,90.0,0.0,0.85415,1,0,0.0,0.0,1.0,1,2.634826,1.0
single_task,adaptive_verifier,eval_020,LAN,1,lan_single_homo_scalar16,LAN single-node homo scalar16,single_homo,scalar16,keep_baseline:single_homo,low-risk,1,95.0,0.0,0.83987,1,0,0.0,0.0,1.0,1,2.634826,1.0
single_task,adaptive_verifier,eval_021,LAN,1,lan_single_homo_scalar16,LAN single-node homo scalar16,single_homo,scalar16,keep_baseline:single_homo,low-risk,1,100.0,0.0,0.83231,1,0,0.0,0.0,1.0,1,2.634826,1.0
single_task,adaptive_verifier,eval_022,LAN,1,lan_single_homo_scalar16,LAN single-node homo scalar16,single_homo,scalar16,keep_baseline:single_homo,low-risk,1,105.0,0.0,0.83399,1,0,0.0,0.0,1.0,1,2.634826,1.0
single_task,adaptive_verifier,eval_023,LAN,1,lan_single_homo_scalar16,LAN single-node homo scalar16,single_homo,scalar16,keep_baseline:single_homo,low-risk,1,110.0,0.0,0.83231,1,0,0.0,0.0,1.0,1,2.634826,1.0
single_task,adaptive_verifier,eval_024,LAN,1,lan_single_homo_scalar16,LAN single-node homo scalar16,single_homo,scalar16,keep_baseline:single_homo,low-risk,1,115.0,0.0,0.83231,1,0,0.0,0.0,1.0,1,2.634826,1.0
single_task,adaptive_verifier,eval_025,LAN,1,lan_single_homo_scalar16,LAN single-node homo scalar16,single_homo,scalar16,keep_baseline:single_homo,low-risk,1,120.0,0.0,0.83315,1,0,0.0,0.0,1.0,1,2.634826,1.0
single_task,adaptive_verifier,eval_026,LAN,1,lan_single_homo_scalar16,LAN single-node homo scalar16,single_homo,scalar16,keep_baseline:single_homo,low-risk,1,125.0,0.0,0.82979,1,0,0.0,0.0,1.0,1,2.634826,1.0
single_task,adaptive_verifier,eval_027,LAN,2,lan_single_homo_scalar16,LAN single-node homo scalar16,single_homo,scalar16,keep_baseline:single_homo,low-risk,1,130.0,0.0,0.84995,1,0,0.0,0.0,1.0,1,2.634826,1.0
single_task,adaptive_verifier,eval_028,LAN,2,lan_single_homo_scalar16,LAN single-node homo scalar16,single_homo,scalar16,keep_baseline:single_homo,low-risk,1,135.0,0.0,0.84827,1,0,0.0,0.0,1.0,1,2.634826,1.0
single_task,adaptive_verifier,eval_029,LAN,2,lan_single_homo_scalar16,LAN single-node homo scalar16,single_homo,scalar16,keep_baseline:single_homo,low-risk,1,140.0,0.0,0.84659,1,0,0.0,0.0,1.0,1,2.634826,1.0
single_task,adaptive_verifier,eval_030,LAN,1,lan_single_homo_scalar16,LAN single-node homo scalar16,single_homo,scalar16,keep_baseline:single_homo,low-risk,1,145.0,0.0,0.83231,1,0,0.0,0.0,1.0,1,2.634826,1.0
single_task,adaptive_verifier,eval_031,LAN,2,lan_single_homo_scalar16,LAN single-node homo scalar16,single_homo,scalar16,keep_baseline:single_homo,low-risk,1,150.0,0.0,0.84743,1,0,0.0,0.0,1.0,1,2.634826,1.0
single_task,adaptive_verifier,eval_032,LAN,2,lan_single_homo_scalar16,LAN single-node homo scalar16,single_homo,scalar16,keep_baseline:single_homo,low-risk,1,155.0,0.0,0.84911,1,0,0.0,0.0,1.0,1,2.634826,1.0
single_task,adaptive_verifier,eval_033,LAN,2,lan_single_homo_scalar16,LAN single-node homo scalar16,single_homo,scalar16,keep_baseline:single_homo,low-risk,1,160.0,0.0,0.84743,1,0,0.0,0.0,1.0,1,2.634826,1.0
single_task,adaptive_verifier,eval_034,LAN,2,lan_single_homo_scalar16,LAN single-node homo scalar16,single_homo,scalar16,keep_baseline:single_homo,low-risk,1,165.0,0.0,0.84743,1,0,0.0,0.0,1.0,1,2.634826,1.0
single_task,adaptive_verifier,eval_035,LAN,2,lan_single_homo_scalar16,LAN single-node homo scalar16,single_homo,scalar16,keep_baseline:single_homo,low-risk,1,170.0,0.0,0.84827,0,0,0.0,0.0,1.0,1,2.634826,0.0
single_task,adaptive_verifier,eval_036,LAN,2,lan_single_homo_scalar16,LAN single-node homo scalar16,single_homo,scalar16,keep_baseline:single_homo,low-risk,1,175.0,0.0,0.84491,1,0,0.0,0.0,1.0,1,2.634826,1.0
single_task,adaptive_verifier,eval_037,LAN,3,lan_ab_projcos4,LAN A/B projcos4,t4strict_pair_a_vs_b_40_200,projcos4,upgrade_verifier:t4strict_pair_a_vs_b_40_200,low-risk,3,180.0,0.0,1.06631,1,0,0.02,0.02,0.995,1,2.852113,0.998
single_task,adaptive_verifier,eval_038,LAN,3,lan_ab_projcos4,LAN A/B projcos4,t4strict_pair_a_vs_b_40_200,projcos4,upgrade_verifier:t4strict_pair_a_vs_b_40_200,low-risk,3,185.0,0.0,1.06437,1,0,0.02,0.02,0.995,1,2.852113,0.998
single_task,adaptive_verifier,eval_039,LAN,3,lan_ab_projcos4,LAN A/B projcos4,t4strict_pair_a_vs_b_40_200,projcos4,upgrade_verifier:t4strict_pair_a_vs_b_40_200,low-risk,3,190.0,0.0,1.06243,1,0,0.02,0.02,0.995,1,2.852113,0.998
single_task,adaptive_verifier,eval_040,LAN,2,lan_single_homo_scalar16,LAN single-node homo scalar16,single_homo,scalar16,keep_baseline:single_homo,low-risk,1,195.0,0.0,0.84743,1,0,0.0,0.0,1.0,1,2.634826,1.0
single_task,adaptive_verifier,eval_041,LAN,2,lan_single_homo_scalar16,LAN single-node homo scalar16,single_homo,scalar16,keep_baseline:single_homo,low-risk,1,200.0,0.0,0.84743,0,0,0.0,0.0,1.0,1,2.634826,0.0
single_task,adaptive_verifier,eval_042,LAN,2,lan_single_homo_scalar16,LAN single-node homo scalar16,single_homo,scalar16,keep_baseline:single_homo,low-risk,1,205.0,0.0,0.84911,1,0,0.0,0.0,1.0,1,2.634826,1.0
single_task,adaptive_verifier,eval_043,LAN,2,lan_single_homo_scalar16,LAN single-node homo scalar16,single_homo,scalar16,keep_baseline:single_homo,low-risk,1,210.0,0.0,0.84743,0,0,0.0,0.0,1.0,1,2.634826,0.0
single_task,adaptive_verifier,eval_044,LAN,2,lan_single_homo_scalar16,LAN single-node homo scalar16,single_homo,scalar16,keep_baseline:single_homo,low-risk,1,215.0,0.0,0.84743,1,0,0.0,0.0,1.0,1,2.634826,1.0
single_task,adaptive_verifier,eval_045,LAN,2,lan_single_homo_scalar16,LAN single-node homo scalar16,single_homo,scalar16,keep_baseline:single_homo,low-risk,1,220.0,0.0,0.84827,1,0,0.0,0.0,1.0,1,2.634826,1.0
single_task,adaptive_verifier,eval_046,LAN,2,lan_single_homo_scalar16,LAN single-node homo scalar16,single_homo,scalar16,keep_baseline:single_homo,low-risk,1,225.0,0.0,0.84491,1,0,0.0,0.0,1.0,1,2.634826,1.0
single_task,adaptive_verifier,eval_047,LAN,3,lan_ab_projcos4,LAN A/B projcos4,t4strict_pair_a_vs_b_40_200,projcos4,upgrade_verifier:t4strict_pair_a_vs_b_40_200,low-risk,3,230.0,0.0,1.06631,1,0,0.02,0.02,0.995,1,2.852113,0.998
single_task,adaptive_verifier,eval_048,LAN,3,lan_ab_projcos4,LAN A/B projcos4,t4strict_pair_a_vs_b_40_200,projcos4,upgrade_verifier:t4strict_pair_a_vs_b_40_200,low-risk,3,235.0,0.0,1.06437,1,1,0.02,0.02,0.995,1,6.221807,0.848
single_task,adaptive_verifier,eval_049,LAN,3,lan_ab_projcos4,LAN A/B projcos4,t4strict_pair_a_vs_b_40_200,projcos4,upgrade_verifier:t4strict_pair_a_vs_b_40_200,low-risk,3,240.0,0.0,1.06243,1,0,0.02,0.02,0.995,1,2.852113,0.998
single_task,adaptive_verifier,eval_050,LAN,2,lan_single_homo_scalar16,LAN single-node homo scalar16,single_homo,scalar16,keep_baseline:single_homo,low-risk,1,245.0,0.0,0.84743,1,0,0.0,0.0,1.0,1,2.634826,1.0
single_task,adaptive_verifier,eval_051,LAN,3,lan_ab_projcos4,LAN A/B projcos4,t4strict_pair_a_vs_b_40_200,projcos4,upgrade_verifier:t4strict_pair_a_vs_b_40_200,low-risk,3,250.0,0.0,1.05661,0,0,0.02,0.02,0.995,1,2.852113,-0.002
single_task,adaptive_verifier,eval_052,LAN,3,lan_ab_projcos4,LAN A/B projcos4,t4strict_pair_a_vs_b_40_200,projcos4,upgrade_verifier:t4strict_pair_a_vs_b_40_200,low-risk,3,255.0,0.0,1.05855,1,0,0.02,0.02,0.995,1,2.852113,0.998
single_task,adaptive_verifier,eval_053,LAN,3,lan_ab_projcos4,LAN A/B projcos4,t4strict_pair_a_vs_b_40_200,projcos4,upgrade_verifier:t4strict_pair_a_vs_b_40_200,low-risk,3,260.0,0.0,1.05661,1,0,0.02,0.02,0.995,1,2.852113,0.998
single_task,adaptive_verifier,eval_054,LAN,3,lan_ab_projcos4,LAN A/B projcos4,t4strict_pair_a_vs_b_40_200,projcos4,upgrade_verifier:t4strict_pair_a_vs_b_40_200,low-risk,3,265.0,0.0,1.05661,1,0,0.02,0.02,0.995,1,2.852113,0.998
single_task,adaptive_verifier,eval_055,LAN,3,lan_ab_projcos4,LAN A/B projcos4,t4strict_pair_a_vs_b_40_200,projcos4,upgrade_verifier:t4strict_pair_a_vs_b_40_200,low-risk,3,270.0,0.0,1.05758,1,0,0.02,0.02,0.995,1,2.852113,0.998
single_task,adaptive_verifier,eval_056,LAN,2,lan_single_homo_scalar16,LAN single-node homo scalar16,single_homo,scalar16,keep_baseline:single_homo,low-risk,1,275.0,0.0,0.85415,0,0,0.0,0.0,1.0,1,2.634826,0.0
single_task,adaptive_verifier,eval_057,LAN,3,lan_ab_projcos4,LAN A/B projcos4,t4strict_pair_a_vs_b_40_200,projcos4,upgrade_verifier:t4strict_pair_a_vs_b_40_200,low-risk,3,280.0,0.0,1.07698,1,0,0.02,0.02,0.995,1,2.852113,0.998
single_task,adaptive_verifier,eval_058,LAN,3,lan_ab_projcos4,LAN A/B projcos4,t4strict_pair_a_vs_b_40_200,projcos4,upgrade_verifier:t4strict_pair_a_vs_b_40_200,low-risk,3,285.0,0.0,1.07504,1,0,0.02,0.02,0.995,1,2.852113,0.998
single_task,adaptive_verifier,eval_059,LAN,3,lan_ab_projcos4,LAN A/B projcos4,t4strict_pair_a_vs_b_40_200,projcos4,upgrade_verifier:t4strict_pair_a_vs_b_40_200,low-risk,3,290.0,0.0,1.0731,1,0,0.02,0.02,0.995,1,2.852113,0.998
single_task,adaptive_verifier,eval_060,LAN,3,lan_ab_projcos4,LAN A/B projcos4,t4strict_pair_a_vs_b_40_200,projcos4,upgrade_verifier:t4strict_pair_a_vs_b_40_200,low-risk,3,295.0,0.0,1.05661,1,0,0.02,0.02,0.995,1,2.852113,0.998
single_task,adaptive_verifier,eval_061,LAN,1,lan_single_homo_scalar16,LAN single-node homo scalar16,single_homo,scalar16,keep_baseline:single_homo,low-risk,1,300.0,0.0,0.83231,1,0,0.0,0.0,1.0,1,2.634826,1.0
single_task,adaptive_verifier,eval_062,LAN,1,lan_single_homo_scalar16,LAN single-node homo scalar16,single_homo,scalar16,keep_baseline:single_homo,low-risk,1,305.0,0.0,0.83399,1,0,0.0,0.0,1.0,1,2.634826,1.0
single_task,adaptive_verifier,eval_063,LAN,1,lan_single_homo_scalar16,LAN single-node homo scalar16,single_homo,scalar16,keep_baseline:single_homo,low-risk,1,310.0,0.0,0.83231,1,0,0.0,0.0,1.0,1,2.634826,1.0
single_task,adaptive_verifier,eval_064,LAN,1,lan_single_homo_scalar16,LAN single-node homo scalar16,single_homo,scalar16,keep_baseline:single_homo,low-risk,1,315.0,0.0,0.83231,1,0,0.0,0.0,1.0,1,2.634826,1.0
single_task,adaptive_verifier,eval_065,LAN,1,lan_single_homo_scalar16,LAN single-node homo scalar16,single_homo,scalar16,keep_baseline:single_homo,low-risk,1,320.0,0.0,0.83315,1,0,0.0,0.0,1.0,1,2.634826,1.0
single_task,adaptive_verifier,eval_066,LAN,1,lan_single_homo_scalar16,LAN single-node homo scalar16,single_homo,scalar16,keep_baseline:single_homo,low-risk,1,325.0,0.0,0.82979,1,0,0.0,0.0,1.0,1,2.634826,1.0
single_task,adaptive_verifier,eval_067,LAN,2,lan_single_homo_scalar16,LAN single-node homo scalar16,single_homo,scalar16,keep_baseline:single_homo,low-risk,1,330.0,0.0,0.84995,1,0,0.0,0.0,1.0,1,2.634826,1.0
single_task,adaptive_verifier,eval_068,LAN,2,lan_single_homo_scalar16,LAN single-node homo scalar16,single_homo,scalar16,keep_baseline:single_homo,low-risk,1,335.0,0.0,0.84827,1,0,0.0,0.0,1.0,1,2.634826,1.0
single_task,adaptive_verifier,eval_069,LAN,2,lan_single_homo_scalar16,LAN single-node homo scalar16,single_homo,scalar16,keep_baseline:single_homo,low-risk,1,340.0,0.0,0.84659,1,0,0.0,0.0,1.0,1,2.634826,1.0
single_task,adaptive_verifier,eval_070,LAN,1,lan_single_homo_scalar16,LAN single-node homo scalar16,single_homo,scalar16,keep_baseline:single_homo,low-risk,1,345.0,0.0,0.83231,1,0,0.0,0.0,1.0,1,2.634826,1.0
single_task,adaptive_verifier,eval_071,LAN,1,lan_single_homo_scalar16,LAN single-node homo scalar16,single_homo,scalar16,keep_baseline:single_homo,low-risk,1,350.0,0.0,0.83315,1,0,0.0,0.0,1.0,1,2.634826,1.0
single_task,adaptive_verifier,eval_072,LAN,1,lan_single_homo_scalar16,LAN single-node homo scalar16,single_homo,scalar16,keep_baseline:single_homo,low-risk,1,355.0,0.0,0.83483,1,0,0.0,0.0,1.0,1,2.634826,1.0
single_task,adaptive_verifier,eval_073,LAN,1,lan_single_homo_scalar16,LAN single-node homo scalar16,single_homo,scalar16,keep_baseline:single_homo,low-risk,1,360.0,0.0,0.83315,1,0,0.0,0.0,1.0,1,2.634826,1.0
single_task,adaptive_verifier,eval_074,LAN,1,lan_single_homo_scalar16,LAN single-node homo scalar16,single_homo,scalar16,keep_baseline:single_homo,low-risk,1,365.0,0.0,0.83315,1,0,0.0,0.0,1.0,1,2.634826,1.0
single_task,adaptive_verifier,eval_075,LAN,1,lan_single_homo_scalar16,LAN single-node homo scalar16,single_homo,scalar16,keep_baseline:single_homo,low-risk,1,370.0,0.0,0.83399,1,0,0.0,0.0,1.0,1,2.634826,1.0
single_task,adaptive_verifier,eval_076,LAN,1,lan_single_homo_scalar16,LAN single-node homo scalar16,single_homo,scalar16,keep_baseline:single_homo,low-risk,1,375.0,0.0,0.83063,1,0,0.0,0.0,1.0,1,2.634826,1.0
single_task,adaptive_verifier,eval_077,LAN,2,lan_single_homo_scalar16,LAN single-node homo scalar16,single_homo,scalar16,keep_baseline:single_homo,low-risk,1,380.0,0.0,0.85079,0,0,0.0,0.0,1.0,1,2.634826,0.0
single_task,adaptive_verifier,eval_078,LAN,2,lan_single_homo_scalar16,LAN single-node homo scalar16,single_homo,scalar16,keep_baseline:single_homo,low-risk,1,385.0,0.0,0.84911,1,0,0.0,0.0,1.0,1,2.634826,1.0
single_task,adaptive_verifier,eval_079,LAN,2,lan_single_homo_scalar16,LAN single-node homo scalar16,single_homo,scalar16,keep_baseline:single_homo,low-risk,1,390.0,0.0,0.84743,1,0,0.0,0.0,1.0,1,2.634826,1.0
single_task,adaptive_verifier,eval_080,LAN,1,lan_single_homo_scalar16,LAN single-node homo scalar16,single_homo,scalar16,keep_baseline:single_homo,low-risk,1,395.0,0.0,0.83315,1,0,0.0,0.0,1.0,1,2.634826,1.0
single_task,adaptive_verifier,eval_081,LAN,1,lan_single_homo_scalar16,LAN single-node homo scalar16,single_homo,scalar16,keep_baseline:single_homo,low-risk,1,400.0,0.0,0.83987,1,0,0.0,0.0,1.0,1,2.634826,1.0
single_task,adaptive_verifier,eval_082,LAN,1,lan_single_homo_scalar16,LAN single-node homo scalar16,single_homo,scalar16,keep_baseline:single_homo,low-risk,1,405.0,0.0,0.84155,1,0,0.0,0.0,1.0,1,2.634826,1.0
single_task,adaptive_verifier,eval_083,LAN,1,lan_single_homo_scalar16,LAN single-node homo scalar16,single_homo,scalar16,keep_baseline:single_homo,low-risk,1,410.0,0.0,0.83987,1,0,0.0,0.0,1.0,1,2.634826,1.0
single_task,adaptive_verifier,eval_084,LAN,1,lan_single_homo_scalar16,LAN single-node homo scalar16,single_homo,scalar16,keep_baseline:single_homo,low-risk,1,415.0,0.0,0.83987,1,0,0.0,0.0,1.0,1,2.634826,1.0
single_task,adaptive_verifier,eval_085,LAN,1,lan_single_homo_scalar16,LAN single-node homo scalar16,single_homo,scalar16,keep_baseline:single_homo,low-risk,1,420.0,0.0,0.84071,1,0,0.0,0.0,1.0,1,2.634826,1.0
single_task,adaptive_verifier,eval_086,LAN,1,lan_single_homo_scalar16,LAN single-node homo scalar16,single_homo,scalar16,keep_baseline:single_homo,low-risk,1,425.0,0.0,0.83735,1,0,0.0,0.0,1.0,1,2.634826,1.0
single_task,adaptive_verifier,eval_087,LAN,3,lan_ab_projcos4,LAN A/B projcos4,t4strict_pair_a_vs_b_40_200,projcos4,upgrade_verifier:t4strict_pair_a_vs_b_40_200,low-risk,3,430.0,0.0,1.05758,1,0,0.02,0.02,0.995,1,2.852113,0.998
single_task,adaptive_verifier,eval_088,LAN,3,lan_ab_projcos4,LAN A/B projcos4,t4strict_pair_a_vs_b_40_200,projcos4,upgrade_verifier:t4strict_pair_a_vs_b_40_200,low-risk,3,435.0,0.0,1.05564,1,0,0.02,0.02,0.995,1,2.852113,0.998
single_task,adaptive_verifier,eval_089,LAN,2,lan_single_homo_scalar16,LAN single-node homo scalar16,single_homo,scalar16,keep_baseline:single_homo,low-risk,1,440.0,0.0,0.85415,1,0,0.0,0.0,1.0,1,2.634826,1.0
single_task,adaptive_verifier,eval_090,LAN,1,lan_single_homo_scalar16,LAN single-node homo scalar16,single_homo,scalar16,keep_baseline:single_homo,low-risk,1,445.0,0.0,0.83987,1,0,0.0,0.0,1.0,1,2.634826,1.0
single_task,adaptive_verifier,eval_091,LAN,1,lan_single_homo_scalar16,LAN single-node homo scalar16,single_homo,scalar16,keep_baseline:single_homo,low-risk,1,450.0,0.0,0.84155,1,0,0.0,0.0,1.0,1,2.634826,1.0
single_task,adaptive_verifier,eval_092,LAN,2,lan_single_homo_scalar16,LAN single-node homo scalar16,single_homo,scalar16,keep_baseline:single_homo,low-risk,1,455.0,0.0,0.84323,1,0,0.0,0.0,1.0,1,2.634826,1.0
single_task,adaptive_verifier,eval_093,LAN,1,lan_single_homo_scalar16,LAN single-node homo scalar16,single_homo,scalar16,keep_baseline:single_homo,low-risk,1,460.0,0.0,0.84155,1,0,0.0,0.0,1.0,1,2.634826,1.0
single_task,adaptive_verifier,eval_094,LAN,1,lan_single_homo_scalar16,LAN single-node homo scalar16,single_homo,scalar16,keep_baseline:single_homo,low-risk,1,465.0,0.0,0.84155,1,0,0.0,0.0,1.0,1,2.634826,1.0
single_task,adaptive_verifier,eval_095,LAN,2,lan_single_homo_scalar16,LAN single-node homo scalar16,single_homo,scalar16,keep_baseline:single_homo,low-risk,1,470.0,0.0,0.84239,1,0,0.0,0.0,1.0,1,2.634826,1.0
single_task,adaptive_verifier,eval_096,LAN,1,lan_single_homo_scalar16,LAN single-node homo scalar16,single_homo,scalar16,keep_baseline:single_homo,low-risk,1,475.0,0.0,0.83903,1,0,0.0,0.0,1.0,1,2.634826,1.0
single_task,adaptive_verifier,eval_097,LAN,3,lan_ab_projcos4,LAN A/B projcos4,t4strict_pair_a_vs_b_40_200,projcos4,upgrade_verifier:t4strict_pair_a_vs_b_40_200,low-risk,3,480.0,0.0,1.05952,1,0,0.02,0.02,0.995,1,2.852113,0.998
single_task,adaptive_verifier,eval_098,LAN,3,lan_ab_projcos4,LAN A/B projcos4,t4strict_pair_a_vs_b_40_200,projcos4,upgrade_verifier:t4strict_pair_a_vs_b_40_200,low-risk,3,485.0,0.0,1.05758,1,0,0.02,0.02,0.995,1,2.852113,0.998
single_task,adaptive_verifier,eval_099,LAN,3,lan_ab_projcos4,LAN A/B projcos4,t4strict_pair_a_vs_b_40_200,projcos4,upgrade_verifier:t4strict_pair_a_vs_b_40_200,low-risk,3,490.0,0.0,1.05564,1,0,0.02,0.02,0.995,1,2.852113,0.998
single_task,adaptive_verifier,eval_100,LAN,1,lan_single_homo_scalar16,LAN single-node homo scalar16,single_homo,scalar16,keep_baseline:single_homo,low-risk,1,495.0,0.0,0.84155,1,0,0.0,0.0,1.0,1,2.634826,1.0
single_task,adaptive_verifier,eval_101,LAN,1,lan_single_homo_scalar16,LAN single-node homo scalar16,single_homo,scalar16,keep_baseline:single_homo,low-risk,1,500.0,0.0,0.83399,1,0,0.0,0.0,1.0,1,2.634826,1.0
single_task,adaptive_verifier,eval_102,LAN,1,lan_single_homo_scalar16,LAN single-node homo scalar16,single_homo,scalar16,keep_baseline:single_homo,low-risk,1,505.0,0.0,0.83567,1,0,0.0,0.0,1.0,1,2.634826,1.0
single_task,adaptive_verifier,eval_103,LAN,1,lan_single_homo_scalar16,LAN single-node homo scalar16,single_homo,scalar16,keep_baseline:single_homo,low-risk,1,510.0,0.0,0.83399,1,0,0.0,0.0,1.0,1,2.634826,1.0
single_task,adaptive_verifier,eval_104,LAN,1,lan_single_homo_scalar16,LAN single-node homo scalar16,single_homo,scalar16,keep_baseline:single_homo,low-risk,1,515.0,0.0,0.83399,1,0,0.0,0.0,1.0,1,2.634826,1.0
single_task,adaptive_verifier,eval_105,LAN,1,lan_single_homo_scalar16,LAN single-node homo scalar16,single_homo,scalar16,keep_baseline:single_homo,low-risk,1,520.0,0.0,0.83483,1,0,0.0,0.0,1.0,1,2.634826,1.0
single_task,adaptive_verifier,eval_106,LAN,1,lan_single_homo_scalar16,LAN single-node homo scalar16,single_homo,scalar16,keep_baseline:single_homo,low-risk,1,525.0,0.0,0.83147,1,0,0.0,0.0,1.0,1,2.634826,1.0
single_task,adaptive_verifier,eval_107,LAN,2,lan_single_homo_scalar16,LAN single-node homo scalar16,single_homo,scalar16,keep_baseline:single_homo,low-risk,1,530.0,0.0,0.85163,1,0,0.0,0.0,1.0,1,2.634826,1.0
single_task,adaptive_verifier,eval_108,LAN,2,lan_single_homo_scalar16,LAN single-node homo scalar16,single_homo,scalar16,keep_baseline:single_homo,low-risk,1,535.0,0.0,0.84995,1,0,0.0,0.0,1.0,1,2.634826,1.0
single_task,adaptive_verifier,eval_109,LAN,2,lan_single_homo_scalar16,LAN single-node homo scalar16,single_homo,scalar16,keep_baseline:single_homo,low-risk,1,540.0,0.0,0.84827,1,0,0.0,0.0,1.0,1,2.634826,1.0
single_task,adaptive_verifier,eval_110,LAN,1,lan_single_homo_scalar16,LAN single-node homo scalar16,single_homo,scalar16,keep_baseline:single_homo,low-risk,1,545.0,0.0,0.83399,1,0,0.0,0.0,1.0,1,2.634826,1.0
single_task,adaptive_verifier,eval_111,LAN,1,lan_single_homo_scalar16,LAN single-node homo scalar16,single_homo,scalar16,keep_baseline:single_homo,low-risk,1,550.0,0.0,0.83483,1,0,0.0,0.0,1.0,1,2.634826,1.0
single_task,adaptive_verifier,eval_112,LAN,1,lan_single_homo_scalar16,LAN single-node homo scalar16,single_homo,scalar16,keep_baseline:single_homo,low-risk,1,555.0,0.0,0.83651,1,0,0.0,0.0,1.0,1,2.634826,1.0
single_task,adaptive_verifier,eval_113,LAN,1,lan_single_homo_scalar16,LAN single-node homo scalar16,single_homo,scalar16,keep_baseline:single_homo,low-risk,1,560.0,0.0,0.83483,1,0,0.0,0.0,1.0,1,2.634826,1.0
single_task,adaptive_verifier,eval_114,LAN,1,lan_single_homo_scalar16,LAN single-node homo scalar16,single_homo,scalar16,keep_baseline:single_homo,low-risk,1,565.0,0.0,0.83483,1,0,0.0,0.0,1.0,1,2.634826,1.0
single_task,adaptive_verifier,eval_115,LAN,1,lan_single_homo_scalar16,LAN single-node homo scalar16,single_homo,scalar16,keep_baseline:single_homo,low-risk,1,570.0,0.0,0.83567,1,0,0.0,0.0,1.0,1,2.634826,1.0
single_task,adaptive_verifier,eval_116,LAN,1,lan_single_homo_scalar16,LAN single-node homo scalar16,single_homo,scalar16,keep_baseline:single_homo,low-risk,1,575.0,0.0,0.83231,1,0,0.0,0.0,1.0,1,2.634826,1.0
single_task,adaptive_verifier,eval_117,LAN,2,lan_single_homo_scalar16,LAN single-node homo scalar16,single_homo,scalar16,keep_baseline:single_homo,low-risk,1,580.0,0.0,0.85247,1,0,0.0,0.0,1.0,1,2.634826,1.0
single_task,adaptive_verifier,eval_118,LAN,2,lan_single_homo_scalar16,LAN single-node homo scalar16,single_homo,scalar16,keep_baseline:single_homo,low-risk,1,585.0,0.0,0.85079,0,0,0.0,0.0,1.0,1,2.634826,0.0
single_task,adaptive_verifier,eval_119,LAN,2,lan_single_homo_scalar16,LAN single-node homo scalar16,single_homo,scalar16,keep_baseline:single_homo,low-risk,1,590.0,0.0,0.84911,1,0,0.0,0.0,1.0,1,2.634826,1.0
single_task,adaptive_verifier,eval_120,LAN,1,lan_single_homo_scalar16,LAN single-node homo scalar16,single_homo,scalar16,keep_baseline:single_homo,low-risk,1,595.0,0.0,0.83483,1,0,0.0,0.0,1.0,1,2.634826,1.0
single_task,adaptive_verifier,eval_121,LAN,1,lan_single_homo_scalar16,LAN single-node homo scalar16,single_homo,scalar16,keep_baseline:single_homo,low-risk,1,600.0,0.0,0.83987,1,0,0.0,0.0,1.0,1,2.634826,1.0
single_task,adaptive_verifier,eval_122,LAN,1,lan_single_homo_scalar16,LAN single-node homo scalar16,single_homo,scalar16,keep_baseline:single_homo,low-risk,1,605.0,0.0,0.84155,1,0,0.0,0.0,1.0,1,2.634826,1.0
single_task,adaptive_verifier,eval_123,LAN,1,lan_single_homo_scalar16,LAN single-node homo scalar16,single_homo,scalar16,keep_baseline:single_homo,low-risk,1,610.0,0.0,0.83987,1,0,0.0,0.0,1.0,1,2.634826,1.0
single_task,adaptive_verifier,eval_124,LAN,1,lan_single_homo_scalar16,LAN single-node homo scalar16,single_homo,scalar16,keep_baseline:single_homo,low-risk,1,615.0,0.0,0.83987,1,0,0.0,0.0,1.0,1,2.634826,1.0
single_task,adaptive_verifier,eval_125,LAN,1,lan_single_homo_scalar16,LAN single-node homo scalar16,single_homo,scalar16,keep_baseline:single_homo,low-risk,1,620.0,0.0,0.84071,1,0,0.0,0.0,1.0,1,2.634826,1.0
single_task,adaptive_verifier,eval_126,LAN,1,lan_single_homo_scalar16,LAN single-node homo scalar16,single_homo,scalar16,keep_baseline:single_homo,low-risk,1,625.0,0.0,0.83735,1,0,0.0,0.0,1.0,1,2.634826,1.0
single_task,adaptive_verifier,eval_127,LAN,3,lan_ab_projcos4,LAN A/B projcos4,t4strict_pair_a_vs_b_40_200,projcos4,upgrade_verifier:t4strict_pair_a_vs_b_40_200,low-risk,3,630.0,0.0,1.05758,1,0,0.02,0.02,0.995,1,2.852113,0.998
single_task,adaptive_verifier,eval_128,LAN,3,lan_ab_projcos4,LAN A/B projcos4,t4strict_pair_a_vs_b_40_200,projcos4,upgrade_verifier:t4strict_pair_a_vs_b_40_200,low-risk,3,635.0,0.0,1.05564,1,0,0.02,0.02,0.995,1,2.852113,0.998
single_task,adaptive_verifier,eval_129,LAN,2,lan_single_homo_scalar16,LAN single-node homo scalar16,single_homo,scalar16,keep_baseline:single_homo,low-risk,1,640.0,0.0,0.85415,0,0,0.0,0.0,1.0,1,2.634826,0.0
single_task,adaptive_verifier,eval_130,LAN,1,lan_single_homo_scalar16,LAN single-node homo scalar16,single_homo,scalar16,keep_baseline:single_homo,low-risk,1,645.0,0.0,0.83987,1,0,0.0,0.0,1.0,1,2.634826,1.0
single_task,adaptive_verifier,eval_131,LAN,2,lan_single_homo_scalar16,LAN single-node homo scalar16,single_homo,scalar16,keep_baseline:single_homo,low-risk,1,650.0,0.0,0.84407,1,0,0.0,0.0,1.0,1,2.634826,1.0
single_task,adaptive_verifier,eval_132,LAN,2,lan_single_homo_scalar16,LAN single-node homo scalar16,single_homo,scalar16,keep_baseline:single_homo,low-risk,1,655.0,0.0,0.84575,1,0,0.0,0.0,1.0,1,2.634826,1.0
single_task,adaptive_verifier,eval_133,LAN,2,lan_single_homo_scalar16,LAN single-node homo scalar16,single_homo,scalar16,keep_baseline:single_homo,low-risk,1,660.0,0.0,0.84407,1,0,0.0,0.0,1.0,1,2.634826,1.0
single_task,adaptive_verifier,eval_134,LAN,2,lan_single_homo_scalar16,LAN single-node homo scalar16,single_homo,scalar16,keep_baseline:single_homo,low-risk,1,665.0,0.0,0.84407,0,0,0.0,0.0,1.0,1,2.634826,0.0
single_task,adaptive_verifier,eval_135,LAN,2,lan_single_homo_scalar16,LAN single-node homo scalar16,single_homo,scalar16,keep_baseline:single_homo,low-risk,1,670.0,0.0,0.84491,1,0,0.0,0.0,1.0,1,2.634826,1.0
single_task,adaptive_verifier,eval_136,LAN,1,lan_single_homo_scalar16,LAN single-node homo scalar16,single_homo,scalar16,keep_baseline:single_homo,low-risk,1,675.0,0.0,0.84155,1,0,0.0,0.0,1.0,1,2.634826,1.0
single_task,adaptive_verifier,eval_137,LAN,3,lan_ab_projcos4,LAN A/B projcos4,t4strict_pair_a_vs_b_40_200,projcos4,upgrade_verifier:t4strict_pair_a_vs_b_40_200,low-risk,3,680.0,0.0,1.06243,1,0,0.02,0.02,0.995,1,2.852113,0.998
single_task,adaptive_verifier,eval_138,LAN,3,lan_ab_projcos4,LAN A/B projcos4,t4strict_pair_a_vs_b_40_200,projcos4,upgrade_verifier:t4strict_pair_a_vs_b_40_200,low-risk,3,685.0,0.0,1.06049,1,0,0.02,0.02,0.995,1,2.852113,0.998
single_task,adaptive_verifier,eval_139,LAN,3,lan_ab_projcos4,LAN A/B projcos4,t4strict_pair_a_vs_b_40_200,projcos4,upgrade_verifier:t4strict_pair_a_vs_b_40_200,low-risk,3,690.0,0.0,1.05855,1,0,0.02,0.02,0.995,1,2.852113,0.998
single_task,adaptive_verifier,eval_140,LAN,2,lan_single_homo_scalar16,LAN single-node homo scalar16,single_homo,scalar16,keep_baseline:single_homo,low-risk,1,695.0,0.0,0.84407,1,0,0.0,0.0,1.0,1,2.634826,1.0
single_task,adaptive_verifier,eval_141,WAN,1,wan_ad_projcos4,WAN A/D projcos4,t4strict_pair_a_vs_d_40_200,projcos4,upgrade_verifier:t4strict_pair_a_vs_d_40_200,low-risk,3,700.0,0.0,1.24875,1,0,0.02,0.02,0.995,1,2.775853,0.998
single_task,adaptive_verifier,eval_142,WAN,1,wan_ad_projcos4,WAN A/D projcos4,t4strict_pair_a_vs_d_40_200,projcos4,upgrade_verifier:t4strict_pair_a_vs_d_40_200,low-risk,3,705.0,0.0,1.25073,1,0,0.02,0.02,0.995,1,2.775853,0.998
single_task,adaptive_verifier,eval_143,WAN,1,wan_ad_projcos4,WAN A/D projcos4,t4strict_pair_a_vs_d_40_200,projcos4,upgrade_verifier:t4strict_pair_a_vs_d_40_200,low-risk,3,710.0,0.0,1.24875,1,0,0.02,0.02,0.995,1,2.775853,0.998
single_task,adaptive_verifier,eval_144,WAN,1,wan_ad_projcos4,WAN A/D projcos4,t4strict_pair_a_vs_d_40_200,projcos4,upgrade_verifier:t4strict_pair_a_vs_d_40_200,low-risk,3,715.0,0.0,1.24875,1,0,0.02,0.02,0.995,1,2.775853,0.998
single_task,adaptive_verifier,eval_145,WAN,1,wan_ad_projcos4,WAN A/D projcos4,t4strict_pair_a_vs_d_40_200,projcos4,upgrade_verifier:t4strict_pair_a_vs_d_40_200,low-risk,3,720.0,0.0,1.24974,1,0,0.02,0.02,0.995,1,2.775853,0.998
single_task,adaptive_verifier,eval_146,WAN,1,wan_ad_projcos4,WAN A/D projcos4,t4strict_pair_a_vs_d_40_200,projcos4,upgrade_verifier:t4strict_pair_a_vs_d_40_200,low-risk,3,725.0,0.0,1.24578,1,0,0.02,0.02,0.995,1,2.775853,0.998
single_task,adaptive_verifier,eval_147,WAN,2,wan_ad_projcos4,WAN A/D projcos4,t4strict_pair_a_vs_d_40_200,projcos4,upgrade_verifier:t4strict_pair_a_vs_d_40_200,low-risk,3,730.0,0.0,1.26954,1,0,0.02,0.02,0.995,1,2.775853,0.998
single_task,adaptive_verifier,eval_148,WAN,2,wan_ad_projcos4,WAN A/D projcos4,t4strict_pair_a_vs_d_40_200,projcos4,upgrade_verifier:t4strict_pair_a_vs_d_40_200,low-risk,3,735.0,0.0,1.26756,1,1,0.02,0.02,0.995,1,6.145547,0.848
single_task,adaptive_verifier,eval_149,WAN,2,wan_ad_projcos4,WAN A/D projcos4,t4strict_pair_a_vs_d_40_200,projcos4,upgrade_verifier:t4strict_pair_a_vs_d_40_200,low-risk,3,740.0,0.0,1.26558,1,0,0.02,0.02,0.995,1,2.775853,0.998
single_task,adaptive_verifier,eval_150,WAN,1,wan_ad_projcos4,WAN A/D projcos4,t4strict_pair_a_vs_d_40_200,projcos4,upgrade_verifier:t4strict_pair_a_vs_d_40_200,low-risk,3,745.0,0.0,1.24875,1,0,0.02,0.02,0.995,1,2.775853,0.998
single_task,adaptive_verifier,eval_151,WAN,1,wan_ad_projcos4,WAN A/D projcos4,t4strict_pair_a_vs_d_40_200,projcos4,upgrade_verifier:t4strict_pair_a_vs_d_40_200,low-risk,3,750.0,0.0,1.25172,1,0,0.02,0.02,0.995,1,2.775853,0.998
single_task,adaptive_verifier,eval_152,WAN,1,wan_ad_projcos4,WAN A/D projcos4,t4strict_pair_a_vs_d_40_200,projcos4,upgrade_verifier:t4strict_pair_a_vs_d_40_200,low-risk,3,755.0,0.0,1.2537,1,0,0.02,0.02,0.995,1,2.775853,0.998
single_task,adaptive_verifier,eval_153,WAN,1,wan_ad_projcos4,WAN A/D projcos4,t4strict_pair_a_vs_d_40_200,projcos4,upgrade_verifier:t4strict_pair_a_vs_d_40_200,low-risk,3,760.0,0.0,1.25172,1,0,0.02,0.02,0.995,1,2.775853,0.998
single_task,adaptive_verifier,eval_154,WAN,1,wan_ad_projcos4,WAN A/D projcos4,t4strict_pair_a_vs_d_40_200,projcos4,upgrade_verifier:t4strict_pair_a_vs_d_40_200,low-risk,3,765.0,0.0,1.25172,1,0,0.02,0.02,0.995,1,2.775853,0.998
single_task,adaptive_verifier,eval_155,WAN,1,wan_ad_projcos4,WAN A/D projcos4,t4strict_pair_a_vs_d_40_200,projcos4,upgrade_verifier:t4strict_pair_a_vs_d_40_200,low-risk,3,770.0,0.0,1.25271,1,0,0.02,0.02,0.995,1,2.775853,0.998
single_task,adaptive_verifier,eval_156,WAN,1,wan_ad_projcos4,WAN A/D projcos4,t4strict_pair_a_vs_d_40_200,projcos4,upgrade_verifier:t4strict_pair_a_vs_d_40_200,low-risk,3,775.0,0.0,1.24875,1,0,0.02,0.02,0.995,1,2.775853,0.998
single_task,adaptive_verifier,eval_157,WAN,2,wan_ad_projcos4,WAN A/D projcos4,t4strict_pair_a_vs_d_40_200,projcos4,upgrade_verifier:t4strict_pair_a_vs_d_40_200,low-risk,3,780.0,0.0,1.27251,1,0,0.02,0.02,0.995,1,2.775853,0.998
single_task,adaptive_verifier,eval_158,WAN,2,wan_ad_projcos4,WAN A/D projcos4,t4strict_pair_a_vs_d_40_200,projcos4,upgrade_verifier:t4strict_pair_a_vs_d_40_200,low-risk,3,785.0,0.0,1.27053,1,0,0.02,0.02,0.995,1,2.775853,0.998
single_task,adaptive_verifier,eval_159,WAN,2,wan_ad_projcos4,WAN A/D projcos4,t4strict_pair_a_vs_d_40_200,projcos4,upgrade_verifier:t4strict_pair_a_vs_d_40_200,low-risk,3,790.0,0.0,1.26855,1,0,0.02,0.02,0.995,1,2.775853,0.998
single_task,adaptive_verifier,eval_160,WAN,1,wan_ad_projcos4,WAN A/D projcos4,t4strict_pair_a_vs_d_40_200,projcos4,upgrade_verifier:t4strict_pair_a_vs_d_40_200,low-risk,3,795.0,0.0,1.25172,1,0,0.02,0.02,0.995,1,2.775853,0.998
single_task,adaptive_verifier,eval_161,WAN,2,wan_ad_projcos4,WAN A/D projcos4,t4strict_pair_a_vs_d_40_200,projcos4,upgrade_verifier:t4strict_pair_a_vs_d_40_200,low-risk,3,800.0,0.0,1.26162,1,0,0.02,0.02,0.995,1,2.775853,0.998
single_task,adaptive_verifier,eval_162,WAN,2,wan_ad_projcos4,WAN A/D projcos4,t4strict_pair_a_vs_d_40_200,projcos4,upgrade_verifier:t4strict_pair_a_vs_d_40_200,low-risk,3,805.0,0.0,1.2636,1,0,0.02,0.02,0.995,1,2.775853,0.998
single_task,adaptive_verifier,eval_163,WAN,2,wan_ad_projcos4,WAN A/D projcos4,t4strict_pair_a_vs_d_40_200,projcos4,upgrade_verifier:t4strict_pair_a_vs_d_40_200,low-risk,3,810.0,0.0,1.26162,1,0,0.02,0.02,0.995,1,2.775853,0.998
single_task,adaptive_verifier,eval_164,WAN,2,wan_ad_projcos4,WAN A/D projcos4,t4strict_pair_a_vs_d_40_200,projcos4,upgrade_verifier:t4strict_pair_a_vs_d_40_200,low-risk,3,815.0,0.0,1.26162,1,0,0.02,0.02,0.995,1,2.775853,0.998
single_task,adaptive_verifier,eval_165,WAN,2,wan_ad_projcos4,WAN A/D projcos4,t4strict_pair_a_vs_d_40_200,projcos4,upgrade_verifier:t4strict_pair_a_vs_d_40_200,low-risk,3,820.0,0.0,1.26261,1,0,0.02,0.02,0.995,1,2.775853,0.998
single_task,adaptive_verifier,eval_166,WAN,1,wan_ad_projcos4,WAN A/D projcos4,t4strict_pair_a_vs_d_40_200,projcos4,upgrade_verifier:t4strict_pair_a_vs_d_40_200,low-risk,3,825.0,0.0,1.25865,1,0,0.02,0.02,0.995,1,2.775853,0.998
single_task,adaptive_verifier,eval_167,WAN,3,wan_ad_projcos4,WAN A/D projcos4,t4strict_pair_a_vs_d_40_200,projcos4,upgrade_verifier:t4strict_pair_a_vs_d_40_200,low-risk,3,830.0,0.0,1.28241,1,0,0.02,0.02,0.995,1,2.775853,0.998
single_task,adaptive_verifier,eval_168,WAN,3,wan_ad_projcos4,WAN A/D projcos4,t4strict_pair_a_vs_d_40_200,projcos4,upgrade_verifier:t4strict_pair_a_vs_d_40_200,low-risk,3,835.0,0.0,1.28043,1,0,0.02,0.02,0.995,1,2.775853,0.998
single_task,adaptive_verifier,eval_169,WAN,3,wan_ad_projcos4,WAN A/D projcos4,t4strict_pair_a_vs_d_40_200,projcos4,upgrade_verifier:t4strict_pair_a_vs_d_40_200,low-risk,3,840.0,0.0,1.27845,1,0,0.02,0.02,0.995,1,2.775853,0.998
single_task,adaptive_verifier,eval_170,WAN,2,wan_ad_projcos4,WAN A/D projcos4,t4strict_pair_a_vs_d_40_200,projcos4,upgrade_verifier:t4strict_pair_a_vs_d_40_200,low-risk,3,845.0,0.0,1.26162,1,0,0.02,0.02,0.995,1,2.775853,0.998
single_task,adaptive_verifier,eval_171,WAN,1,wan_ad_projcos4,WAN A/D projcos4,t4strict_pair_a_vs_d_40_200,projcos4,upgrade_verifier:t4strict_pair_a_vs_d_40_200,low-risk,3,850.0,0.0,1.25865,1,0,0.02,0.02,0.995,1,2.775853,0.998
single_task,adaptive_verifier,eval_172,WAN,2,wan_ad_projcos4,WAN A/D projcos4,t4strict_pair_a_vs_d_40_200,projcos4,upgrade_verifier:t4strict_pair_a_vs_d_40_200,low-risk,3,855.0,0.0,1.26063,1,0,0.02,0.02,0.995,1,2.775853,0.998
single_task,adaptive_verifier,eval_173,WAN,1,wan_ad_projcos4,WAN A/D projcos4,t4strict_pair_a_vs_d_40_200,projcos4,upgrade_verifier:t4strict_pair_a_vs_d_40_200,low-risk,3,860.0,0.0,1.25865,0,0,0.02,0.02,0.995,1,2.775853,-0.002
single_task,adaptive_verifier,eval_174,WAN,1,wan_ad_projcos4,WAN A/D projcos4,t4strict_pair_a_vs_d_40_200,projcos4,upgrade_verifier:t4strict_pair_a_vs_d_40_200,low-risk,3,865.0,0.0,1.25865,1,0,0.02,0.02,0.995,1,2.775853,0.998
single_task,adaptive_verifier,eval_175,WAN,2,wan_ad_projcos4,WAN A/D projcos4,t4strict_pair_a_vs_d_40_200,projcos4,upgrade_verifier:t4strict_pair_a_vs_d_40_200,low-risk,3,870.0,0.0,1.25964,1,0,0.02,0.02,0.995,1,2.775853,0.998
single_task,adaptive_verifier,eval_176,WAN,1,wan_ad_projcos4,WAN A/D projcos4,t4strict_pair_a_vs_d_40_200,projcos4,upgrade_verifier:t4strict_pair_a_vs_d_40_200,low-risk,3,875.0,0.0,1.25568,1,0,0.02,0.02,0.995,1,2.775853,0.998
single_task,adaptive_verifier,eval_177,WAN,3,wan_ad_projcos4,WAN A/D projcos4,t4strict_pair_a_vs_d_40_200,projcos4,upgrade_verifier:t4strict_pair_a_vs_d_40_200,low-risk,3,880.0,0.0,1.27944,1,0,0.02,0.02,0.995,1,2.775853,0.998
single_task,adaptive_verifier,eval_178,WAN,3,wan_ad_projcos4,WAN A/D projcos4,t4strict_pair_a_vs_d_40_200,projcos4,upgrade_verifier:t4strict_pair_a_vs_d_40_200,low-risk,3,885.0,0.0,1.27746,1,0,0.02,0.02,0.995,1,2.775853,0.998
single_task,adaptive_verifier,eval_179,WAN,3,wan_ad_projcos4,WAN A/D projcos4,t4strict_pair_a_vs_d_40_200,projcos4,upgrade_verifier:t4strict_pair_a_vs_d_40_200,low-risk,3,890.0,0.0,1.27548,0,0,0.02,0.02,0.995,1,2.775853,-0.002
single_task,adaptive_verifier,eval_180,WAN,1,wan_ad_projcos4,WAN A/D projcos4,t4strict_pair_a_vs_d_40_200,projcos4,upgrade_verifier:t4strict_pair_a_vs_d_40_200,low-risk,3,895.0,0.0,1.25865,1,0,0.02,0.02,0.995,1,2.775853,0.998
single_task,adaptive_verifier,eval_181,WAN,2,wan_ad_projcos4,WAN A/D projcos4,t4strict_pair_a_vs_d_40_200,projcos4,upgrade_verifier:t4strict_pair_a_vs_d_40_200,low-risk,3,900.0,0.0,1.26756,1,0,0.02,0.02,0.995,1,2.775853,0.998
single_task,adaptive_verifier,eval_182,WAN,2,wan_ad_projcos4,WAN A/D projcos4,t4strict_pair_a_vs_d_40_200,projcos4,upgrade_verifier:t4strict_pair_a_vs_d_40_200,low-risk,3,905.0,0.0,1.26954,1,0,0.02,0.02,0.995,1,2.775853,0.998
single_task,adaptive_verifier,eval_183,WAN,2,wan_ad_projcos4,WAN A/D projcos4,t4strict_pair_a_vs_d_40_200,projcos4,upgrade_verifier:t4strict_pair_a_vs_d_40_200,low-risk,3,910.0,0.0,1.26756,1,1,0.02,0.02,0.995,1,6.145547,0.848
single_task,adaptive_verifier,eval_184,WAN,2,wan_ad_projcos4,WAN A/D projcos4,t4strict_pair_a_vs_d_40_200,projcos4,upgrade_verifier:t4strict_pair_a_vs_d_40_200,low-risk,3,915.0,0.0,1.26756,1,0,0.02,0.02,0.995,1,2.775853,0.998
single_task,adaptive_verifier,eval_185,WAN,2,wan_ad_projcos4,WAN A/D projcos4,t4strict_pair_a_vs_d_40_200,projcos4,upgrade_verifier:t4strict_pair_a_vs_d_40_200,low-risk,3,920.0,0.0,1.26855,1,0,0.02,0.02,0.995,1,2.775853,0.998
single_task,adaptive_verifier,eval_186,WAN,2,wan_ad_projcos4,WAN A/D projcos4,t4strict_pair_a_vs_d_40_200,projcos4,upgrade_verifier:t4strict_pair_a_vs_d_40_200,low-risk,3,925.0,0.0,1.26459,1,0,0.02,0.02,0.995,1,2.775853,0.998
single_task,adaptive_verifier,eval_187,WAN,3,wan_ad_projcos4,WAN A/D projcos4,t4strict_pair_a_vs_d_40_200,projcos4,upgrade_verifier:t4strict_pair_a_vs_d_40_200,low-risk,3,930.0,0.0,1.28835,1,0,0.02,0.02,0.995,1,2.775853,0.998
single_task,adaptive_verifier,eval_188,WAN,3,wan_ad_projcos4,WAN A/D projcos4,t4strict_pair_a_vs_d_40_200,projcos4,upgrade_verifier:t4strict_pair_a_vs_d_40_200,low-risk,3,935.0,0.0,1.28637,1,0,0.02,0.02,0.995,1,2.775853,0.998
single_task,adaptive_verifier,eval_189,WAN,3,wan_ad_projcos4,WAN A/D projcos4,t4strict_pair_a_vs_d_40_200,projcos4,upgrade_verifier:t4strict_pair_a_vs_d_40_200,low-risk,3,940.0,0.0,1.28439,1,0,0.02,0.02,0.995,1,2.775853,0.998
single_task,adaptive_verifier,eval_190,WAN,2,wan_ad_projcos4,WAN A/D projcos4,t4strict_pair_a_vs_d_40_200,projcos4,upgrade_verifier:t4strict_pair_a_vs_d_40_200,low-risk,3,945.0,0.0,1.26756,1,0,0.02,0.02,0.995,1,2.775853,0.998
single_task,adaptive_verifier,eval_191,WAN,2,wan_ad_projcos4,WAN A/D projcos4,t4strict_pair_a_vs_d_40_200,projcos4,upgrade_verifier:t4strict_pair_a_vs_d_40_200,low-risk,3,950.0,0.0,1.26756,1,0,0.02,0.02,0.995,1,2.775853,0.998
single_task,adaptive_verifier,eval_192,WAN,2,wan_ad_projcos4,WAN A/D projcos4,t4strict_pair_a_vs_d_40_200,projcos4,upgrade_verifier:t4strict_pair_a_vs_d_40_200,low-risk,3,955.0,0.0,1.26954,1,0,0.02,0.02,0.995,1,2.775853,0.998
single_task,adaptive_verifier,eval_193,WAN,2,wan_ad_projcos4,WAN A/D projcos4,t4strict_pair_a_vs_d_40_200,projcos4,upgrade_verifier:t4strict_pair_a_vs_d_40_200,low-risk,3,960.0,0.0,1.26756,1,0,0.02,0.02,0.995,1,2.775853,0.998
single_task,adaptive_verifier,eval_194,WAN,2,wan_ad_projcos4,WAN A/D projcos4,t4strict_pair_a_vs_d_40_200,projcos4,upgrade_verifier:t4strict_pair_a_vs_d_40_200,low-risk,3,965.0,0.0,1.26756,1,0,0.02,0.02,0.995,1,2.775853,0.998
single_task,adaptive_verifier,eval_195,WAN,2,wan_ad_projcos4,WAN A/D projcos4,t4strict_pair_a_vs_d_40_200,projcos4,upgrade_verifier:t4strict_pair_a_vs_d_40_200,low-risk,3,970.0,0.0,1.26855,1,0,0.02,0.02,0.995,1,2.775853,0.998
single_task,adaptive_verifier,eval_196,WAN,2,wan_ad_projcos4,WAN A/D projcos4,t4strict_pair_a_vs_d_40_200,projcos4,upgrade_verifier:t4strict_pair_a_vs_d_40_200,low-risk,3,975.0,0.0,1.26459,1,0,0.02,0.02,0.995,1,2.775853,0.998
single_task,adaptive_verifier,eval_197,WAN,3,wan_ad_projcos4,WAN A/D projcos4,t4strict_pair_a_vs_d_40_200,projcos4,upgrade_verifier:t4strict_pair_a_vs_d_40_200,low-risk,3,980.0,0.0,1.28835,1,0,0.02,0.02,0.995,1,2.775853,0.998
single_task,adaptive_verifier,eval_198,WAN,3,wan_ad_projcos4,WAN A/D projcos4,t4strict_pair_a_vs_d_40_200,projcos4,upgrade_verifier:t4strict_pair_a_vs_d_40_200,low-risk,3,985.0,0.0,1.28637,1,0,0.02,0.02,0.995,1,2.775853,0.998
single_task,adaptive_verifier,eval_199,WAN,3,wan_ad_projcos4,WAN A/D projcos4,t4strict_pair_a_vs_d_40_200,projcos4,upgrade_verifier:t4strict_pair_a_vs_d_40_200,low-risk,3,990.0,0.0,1.28439,1,0,0.02,0.02,0.995,1,2.775853,0.998
single_task,adaptive_verifier,eval_200,WAN,2,wan_ad_projcos4,WAN A/D projcos4,t4strict_pair_a_vs_d_40_200,projcos4,upgrade_verifier:t4strict_pair_a_vs_d_40_200,low-risk,3,995.0,0.0,1.26756,1,0,0.02,0.02,0.995,1,2.775853,0.998
queued_8,random,eval_001,LAN,3,lan_ab_scalar16,LAN A/B scalar16,t4strict_pair_a_vs_b_40_200,scalar16,random,unverifiable,3,0.0,0.0,1.05564,1,0,0.15,0.15,0.195,0,2.340788,0.985
queued_8,random,eval_002,LAN,3,lan_single_homo_projcos4,LAN single-node homo projcos4,single_homo,projcos4,random,low-risk,1,0.0,0.0,0.85751,0,0,0.0,0.0,1.0,1,2.724163,0.0
queued_8,random,eval_003,LAN,3,lan_ab_scalar16,LAN A/B scalar16,t4strict_pair_a_vs_b_40_200,scalar16,random,unverifiable,3,0.0,1.05564,2.11128,1,1,0.15,0.15,0.195,0,5.796454,0.813887
queued_8,random,eval_004,LAN,3,lan_ab_projcos4,LAN A/B projcos4,t4strict_pair_a_vs_b_40_200,projcos4,random,low-risk,3,0.0,0.0,1.05564,1,0,0.02,0.02,0.995,1,2.852113,0.998
queued_8,random,eval_005,LAN,3,lan_single_homo_projcos4,LAN single-node homo projcos4,single_homo,projcos4,random,low-risk,1,0.0,0.85751,1.71418,1,0,0.0,0.0,1.0,1,2.724163,0.98285
queued_8,random,eval_006,LAN,2,lan_single_homo_projcos4,LAN single-node homo projcos4,single_homo,projcos4,random,low-risk,1,0.0,1.71418,2.56749,1,0,0.0,0.0,1.0,1,2.724163,0.965716
queued_8,random,eval_007,LAN,3,lan_ab_scalar16,LAN A/B scalar16,t4strict_pair_a_vs_b_40_200,scalar16,random,unverifiable,3,0.0,2.11128,3.18729,1,0,0.15,0.15,0.195,0,2.340788,0.942774
queued_8,random,eval_008,LAN,3,lan_single_homo_scalar16,LAN single-node homo scalar16,single_homo,scalar16,random,low-risk,1,0.0,0.0,0.87179,1,0,0.0,0.0,1.0,1,2.634826,1.0
queued_8,random,eval_009,LAN,3,lan_single_homo_scalar16,LAN single-node homo scalar16,single_homo,scalar16,random,low-risk,1,0.25,0.62179,1.4919,0,0,0.0,0.0,1.0,1,2.634826,-0.012436
queued_8,random,eval_010,LAN,3,lan_ab_projcos4,LAN A/B projcos4,t4strict_pair_a_vs_b_40_200,projcos4,random,low-risk,3,0.25,0.80564,1.86128,1,0,0.02,0.02,0.995,1,2.852113,0.981887
queued_8,random,eval_011,LAN,1,lan_ab_scalar16,LAN A/B scalar16,t4strict_pair_a_vs_b_40_200,scalar16,random,unverifiable,3,0.25,2.93729,3.9745,1,0,0.15,0.15,0.195,0,2.340788,0.926254
queued_8,random,eval_012,LAN,1,lan_single_homo_projcos4,LAN single-node homo projcos4,single_homo,projcos4,random,low-risk,1,0.25,2.31749,3.15904,1,0,0.0,0.0,1.0,1,2.724163,0.95365
queued_8,random,eval_013,LAN,1,lan_ab_scalar16,LAN A/B scalar16,t4strict_pair_a_vs_b_40_200,scalar16,random,unverifiable,3,0.25,3.9745,5.01171,1,0,0.15,0.15,0.195,0,2.340788,0.90551
queued_8,random,eval_014,LAN,1,lan_single_homo_scalar16,LAN single-node homo scalar16,single_homo,scalar16,random,low-risk,1,0.25,1.4919,2.33177,1,0,0.0,0.0,1.0,1,2.634826,0.970162
queued_8,random,eval_015,LAN,1,lan_ab_scalar16,LAN A/B scalar16,t4strict_pair_a_vs_b_40_200,scalar16,random,unverifiable,3,0.25,5.01171,6.04989,1,0,0.15,0.15,0.195,0,2.340788,0.884766
queued_8,random,eval_016,LAN,1,lan_single_homo_projcos4,LAN single-node homo projcos4,single_homo,projcos4,random,low-risk,1,0.25,3.15904,3.99639,1,0,0.0,0.0,1.0,1,2.724163,0.936819
queued_8,random,eval_017,LAN,3,lan_ab_scalar16,LAN A/B scalar16,t4strict_pair_a_vs_b_40_200,scalar16,random,unverifiable,3,0.5,5.79989,6.85747,1,0,0.15,0.15,0.195,0,2.340788,0.869002
queued_8,random,eval_018,LAN,3,lan_single_homo_scalar16,LAN single-node homo scalar16,single_homo,scalar16,random,low-risk,1,0.5,2.08177,2.9376,1,0,0.0,0.0,1.0,1,2.634826,0.958365
queued_8,random,eval_019,LAN,2,lan_ab_projcos4,LAN A/B projcos4,t4strict_pair_a_vs_b_40_200,projcos4,random,low-risk,3,0.5,1.61128,2.66498,1,0,0.02,0.02,0.995,1,2.852113,0.965774
queued_8,random,eval_020,LAN,1,lan_ab_scalar16,LAN A/B scalar16,t4strict_pair_a_vs_b_40_200,scalar16,random,unverifiable,3,0.5,6.85747,7.89468,1,0,0.15,0.15,0.195,0,2.340788,0.847851
queued_8,random,eval_021,LAN,1,lan_single_homo_scalar16,LAN single-node homo scalar16,single_homo,scalar16,random,low-risk,1,0.5,2.9376,3.76991,1,0,0.0,0.0,1.0,1,2.634826,0.941248
queued_8,random,eval_022,LAN,1,lan_single_homo_projcos4,LAN single-node homo projcos4,single_homo,projcos4,random,low-risk,1,0.5,3.74639,4.58038,1,0,0.0,0.0,1.0,1,2.724163,0.925072
queued_8,random,eval_023,LAN,1,lan_ab_scalar16,LAN A/B scalar16,t4strict_pair_a_vs_b_40_200,scalar16,random,unverifiable,3,0.5,7.89468,8.92316,1,0,0.15,0.15,0.195,0,2.340788,0.827106
queued_8,random,eval_024,LAN,1,lan_ab_scalar16,LAN A/B scalar16,t4strict_pair_a_vs_b_40_200,scalar16,random,unverifiable,3,0.5,8.92316,9.95164,1,0,0.15,0.15,0.195,0,2.340788,0.806537
queued_8,random,eval_025,LAN,1,lan_single_homo_projcos4,LAN single-node homo projcos4,single_homo,projcos4,random,low-risk,1,0.75,4.33038,5.16353,1,0,0.0,0.0,1.0,1,2.724163,0.913392
queued_8,random,eval_026,LAN,1,lan_ab_projcos4,LAN A/B projcos4,t4strict_pair_a_vs_b_40_200,projcos4,random,low-risk,3,0.75,2.41498,3.44055,1,0,0.02,0.02,0.995,1,2.852113,0.9497
queued_8,random,eval_027,LAN,2,lan_ab_scalar16,LAN A/B scalar16,t4strict_pair_a_vs_b_40_200,scalar16,random,unverifiable,3,0.75,9.70164,10.75049,1,0,0.15,0.15,0.195,0,2.340788,0.790967
queued_8,random,eval_028,LAN,2,lan_single_homo_scalar16,LAN single-node homo scalar16,single_homo,scalar16,random,low-risk,1,0.75,3.51991,4.36818,1,0,0.0,0.0,1.0,1,2.634826,0.929602
queued_8,random,eval_029,LAN,2,lan_ab_projcos4,LAN A/B projcos4,t4strict_pair_a_vs_b_40_200,projcos4,random,low-risk,3,0.75,3.44055,4.48552,1,0,0.02,0.02,0.995,1,2.852113,0.929189
queued_8,random,eval_030,LAN,1,lan_ab_scalar16,LAN A/B scalar16,t4strict_pair_a_vs_b_40_200,scalar16,random,unverifiable,3,0.75,10.75049,11.77897,1,0,0.15,0.15,0.195,0,2.340788,0.76999
queued_8,random,eval_031,LAN,2,lan_single_homo_scalar16,LAN single-node homo scalar16,single_homo,scalar16,random,low-risk,1,0.75,4.36818,5.21561,1,0,0.0,0.0,1.0,1,2.634826,0.912636
queued_8,random,eval_032,LAN,2,lan_single_homo_projcos4,LAN single-node homo projcos4,single_homo,projcos4,random,low-risk,1,0.75,5.16353,6.01264,1,0,0.0,0.0,1.0,1,2.724163,0.896729
queued_8,random,eval_033,LAN,2,lan_ab_scalar16,LAN A/B scalar16,t4strict_pair_a_vs_b_40_200,scalar16,random,unverifiable,3,1.0,11.52897,12.57491,1,0,0.15,0.15,0.195,0,2.340788,0.754421
queued_8,random,eval_034,LAN,2,lan_single_homo_projcos4,LAN single-node homo projcos4,single_homo,projcos4,random,low-risk,1,1.0,5.76264,6.61007,1,0,0.0,0.0,1.0,1,2.724163,0.884747
queued_8,random,eval_035,LAN,2,lan_single_homo_scalar16,LAN single-node homo scalar16,single_homo,scalar16,random,low-risk,1,1.0,4.96561,5.81388,0,0,0.0,0.0,1.0,1,2.634826,-0.099312
queued_8,random,eval_036,LAN,2,lan_ab_scalar16,LAN A/B scalar16,t4strict_pair_a_vs_b_40_200,scalar16,random,unverifiable,3,1.0,12.57491,13.61794,1,0,0.15,0.15,0.195,0,2.340788,0.733502
queued_8,random,eval_037,LAN,3,lan_ab_scalar16,LAN A/B scalar16,t4strict_pair_a_vs_b_40_200,scalar16,random,unverifiable,3,1.0,13.61794,14.68425,1,0,0.15,0.15,0.195,0,2.340788,0.712641
queued_8,random,eval_038,LAN,3,lan_ab_scalar16,LAN A/B scalar16,t4strict_pair_a_vs_b_40_200,scalar16,random,unverifiable,3,1.0,14.68425,15.74862,1,0,0.15,0.15,0.195,0,2.340788,0.691315
queued_8,random,eval_039,LAN,3,lan_ab_projcos4,LAN A/B projcos4,t4strict_pair_a_vs_b_40_200,projcos4,random,low-risk,3,1.0,4.23552,5.29795,1,0,0.02,0.02,0.995,1,2.852113,0.91329
queued_8,random,eval_040,LAN,2,lan_single_homo_scalar16,LAN single-node homo scalar16,single_homo,scalar16,random,low-risk,1,1.0,5.81388,6.66131,1,0,0.0,0.0,1.0,1,2.634826,0.883722
queued_8,random,eval_041,LAN,2,lan_single_homo_scalar16,LAN single-node homo scalar16,single_homo,scalar16,random,low-risk,1,1.25,6.41131,7.25874,1,0,0.0,0.0,1.0,1,2.634826,0.871774
queued_8,random,eval_042,LAN,2,lan_single_homo_projcos4,LAN single-node homo projcos4,single_homo,projcos4,random,low-risk,1,1.25,6.36007,7.20918,1,0,0.0,0.0,1.0,1,2.724163,0.872799
queued_8,random,eval_043,LAN,2,lan_ab_scalar16,LAN A/B scalar16,t4strict_pair_a_vs_b_40_200,scalar16,random,unverifiable,3,1.25,15.49862,16.54456,1,0,0.15,0.15,0.195,0,2.340788,0.675028
queued_8,random,eval_044,LAN,2,lan_single_homo_projcos4,LAN single-node homo projcos4,single_homo,projcos4,random,low-risk,1,1.25,7.20918,8.05661,1,0,0.0,0.0,1.0,1,2.724163,0.855816
queued_8,random,eval_045,LAN,2,lan_ab_scalar16,LAN A/B scalar16,t4strict_pair_a_vs_b_40_200,scalar16,random,unverifiable,3,1.25,16.54456,17.59147,1,0,0.15,0.15,0.195,0,2.340788,0.654109
queued_8,random,eval_046,LAN,2,lan_single_homo_projcos4,LAN single-node homo projcos4,single_homo,projcos4,random,low-risk,1,1.25,8.05661,8.90152,1,0,0.0,0.0,1.0,1,2.724163,0.838868
queued_8,random,eval_047,LAN,3,lan_ab_projcos4,LAN A/B projcos4,t4strict_pair_a_vs_b_40_200,projcos4,random,low-risk,3,1.25,5.04795,6.11426,1,0,0.02,0.02,0.995,1,2.852113,0.897041
queued_8,random,eval_048,LAN,3,lan_ab_scalar16,LAN A/B scalar16,t4strict_pair_a_vs_b_40_200,scalar16,random,unverifiable,3,1.25,17.59147,18.65584,1,0,0.15,0.15,0.195,0,2.340788,0.633171
queued_8,random,eval_049,LAN,3,lan_ab_projcos4,LAN A/B projcos4,t4strict_pair_a_vs_b_40_200,projcos4,random,low-risk,3,1.5,5.86426,6.92669,1,0,0.02,0.02,0.995,1,2.852113,0.880715
queued_8,random,eval_050,LAN,2,lan_single_homo_projcos4,LAN single-node homo projcos4,single_homo,projcos4,random,low-risk,1,1.5,8.65152,9.49895,1,0,0.0,0.0,1.0,1,2.724163,0.82697
queued_8,random,eval_051,LAN,3,lan_single_homo_projcos4,LAN single-node homo projcos4,single_homo,projcos4,random,low-risk,1,1.5,9.49895,10.35562,1,0,0.0,0.0,1.0,1,2.724163,0.810021
queued_8,random,eval_052,LAN,3,lan_ab_scalar16,LAN A/B scalar16,t4strict_pair_a_vs_b_40_200,scalar16,random,unverifiable,3,1.5,18.40584,19.46439,1,1,0.15,0.15,0.195,0,5.796454,0.466883
queued_8,random,eval_053,LAN,3,lan_ab_projcos4,LAN A/B projcos4,t4strict_pair_a_vs_b_40_200,projcos4,random,low-risk,3,1.5,6.92669,7.9833,1,0,0.02,0.02,0.995,1,2.852113,0.859466
queued_8,random,eval_054,LAN,3,lan_single_homo_scalar16,LAN single-node homo scalar16,single_homo,scalar16,random,low-risk,1,1.5,7.00874,7.86541,0,0,0.0,0.0,1.0,1,2.634826,-0.140175
queued_8,random,eval_055,LAN,3,lan_single_homo_projcos4,LAN single-node homo projcos4,single_homo,projcos4,random,low-risk,1,1.5,10.35562,11.21313,0,0,0.0,0.0,1.0,1,2.724163,-0.207112
queued_8,random,eval_056,LAN,2,lan_single_homo_scalar16,LAN single-node homo scalar16,single_homo,scalar16,random,low-risk,1,1.5,7.86541,8.71956,1,0,0.0,0.0,1.0,1,2.634826,0.842692
queued_8,random,eval_057,LAN,3,lan_ab_projcos4,LAN A/B projcos4,t4strict_pair_a_vs_b_40_200,projcos4,random,low-risk,3,1.75,7.7333,8.81028,1,0,0.02,0.02,0.995,1,2.852113,0.843334
queued_8,random,eval_058,LAN,3,lan_single_homo_scalar16,LAN single-node homo scalar16,single_homo,scalar16,random,low-risk,1,1.75,8.46956,9.34219,1,0,0.0,0.0,1.0,1,2.634826,0.830609
queued_8,random,eval_059,LAN,3,lan_single_homo_projcos4,LAN single-node homo projcos4,single_homo,projcos4,random,low-risk,1,1.75,10.96313,11.83408,1,0,0.0,0.0,1.0,1,2.724163,0.780737
queued_8,random,eval_060,LAN,3,lan_single_homo_projcos4,LAN single-node homo projcos4,single_homo,projcos4,random,low-risk,1,1.75,11.83408,12.69075,0,0,0.0,0.0,1.0,1,2.724163,-0.236682
queued_8,random,eval_061,LAN,1,lan_single_homo_scalar16,LAN single-node homo scalar16,single_homo,scalar16,random,low-risk,1,1.75,9.34219,10.1745,1,0,0.0,0.0,1.0,1,2.634826,0.813156
queued_8,random,eval_062,LAN,1,lan_ab_projcos4,LAN A/B projcos4,t4strict_pair_a_vs_b_40_200,projcos4,random,low-risk,3,1.75,8.81028,9.8407,1,0,0.02,0.02,0.995,1,2.852113,0.821794
queued_8,random,eval_063,LAN,1,lan_ab_projcos4,LAN A/B projcos4,t4strict_pair_a_vs_b_40_200,projcos4,random,low-risk,3,1.75,9.8407,10.86918,1,0,0.02,0.02,0.995,1,2.852113,0.801186
queued_8,random,eval_064,LAN,1,lan_single_homo_scalar16,LAN single-node homo scalar16,single_homo,scalar16,random,low-risk,1,1.75,10.1745,11.00681,1,0,0.0,0.0,1.0,1,2.634826,0.79651
queued_8,random,eval_065,LAN,1,lan_ab_scalar16,LAN A/B scalar16,t4strict_pair_a_vs_b_40_200,scalar16,random,unverifiable,3,2.0,18.96439,19.99384,1,1,0.15,0.15,0.195,0,5.796454,0.455712
queued_8,random,eval_066,LAN,1,lan_ab_projcos4,LAN A/B projcos4,t4strict_pair_a_vs_b_40_200,projcos4,random,low-risk,3,2.0,10.61918,11.64475,1,0,0.02,0.02,0.995,1,2.852113,0.785616
queued_8,random,eval_067,LAN,2,lan_single_homo_projcos4,LAN single-node homo projcos4,single_homo,projcos4,random,low-risk,1,2.0,12.44075,13.2907,1,0,0.0,0.0,1.0,1,2.724163,0.751185
queued_8,random,eval_068,LAN,2,lan_ab_projcos4,LAN A/B projcos4,t4strict_pair_a_vs_b_40_200,projcos4,random,low-risk,3,2.0,11.64475,12.69166,1,0,0.02,0.02,0.995,1,2.852113,0.765105
queued_8,random,eval_069,LAN,2,lan_single_homo_scalar16,LAN single-node homo scalar16,single_homo,scalar16,random,low-risk,1,2.0,10.75681,11.6034,1,0,0.0,0.0,1.0,1,2.634826,0.784864
queued_8,random,eval_070,LAN,1,lan_ab_scalar16,LAN A/B scalar16,t4strict_pair_a_vs_b_40_200,scalar16,random,unverifiable,3,2.0,19.99384,21.02232,1,1,0.15,0.15,0.195,0,5.796454,0.435123
queued_8,random,eval_071,LAN,1,lan_single_homo_scalar16,LAN single-node homo scalar16,single_homo,scalar16,random,low-risk,1,2.0,11.6034,12.43655,1,0,0.0,0.0,1.0,1,2.634826,0.767932
queued_8,random,eval_072,LAN,1,lan_single_homo_scalar16,LAN single-node homo scalar16,single_homo,scalar16,random,low-risk,1,2.0,12.43655,13.27138,1,0,0.0,0.0,1.0,1,2.634826,0.751269
queued_8,random,eval_073,LAN,1,lan_ab_scalar16,LAN A/B scalar16,t4strict_pair_a_vs_b_40_200,scalar16,random,unverifiable,3,2.25,20.77232,21.80177,1,0,0.15,0.15,0.195,0,2.340788,0.569554
queued_8,random,eval_074,LAN,1,lan_single_homo_projcos4,LAN single-node homo projcos4,single_homo,projcos4,random,low-risk,1,2.25,13.0407,13.87385,1,0,0.0,0.0,1.0,1,2.724163,0.739186
queued_8,random,eval_075,LAN,1,lan_single_homo_scalar16,LAN single-node homo scalar16,single_homo,scalar16,random,low-risk,1,2.25,13.02138,13.85537,1,0,0.0,0.0,1.0,1,2.634826,0.739572
queued_8,random,eval_076,LAN,1,lan_single_homo_scalar16,LAN single-node homo scalar16,single_homo,scalar16,random,low-risk,1,2.25,13.85537,14.686,1,0,0.0,0.0,1.0,1,2.634826,0.722893
queued_8,random,eval_077,LAN,2,lan_single_homo_projcos4,LAN single-node homo projcos4,single_homo,projcos4,random,low-risk,1,2.25,13.87385,14.72464,1,0,0.0,0.0,1.0,1,2.724163,0.722523
queued_8,random,eval_078,LAN,2,lan_ab_scalar16,LAN A/B scalar16,t4strict_pair_a_vs_b_40_200,scalar16,random,unverifiable,3,2.25,21.80177,22.84965,1,0,0.15,0.15,0.195,0,2.340788,0.548965
queued_8,random,eval_079,LAN,2,lan_single_homo_scalar16,LAN single-node homo scalar16,single_homo,scalar16,random,low-risk,1,2.25,14.686,15.53343,1,0,0.0,0.0,1.0,1,2.634826,0.70628
queued_8,random,eval_080,LAN,1,lan_single_homo_projcos4,LAN single-node homo projcos4,single_homo,projcos4,random,low-risk,1,2.25,14.72464,15.55779,1,0,0.0,0.0,1.0,1,2.724163,0.705507
queued_8,random,eval_081,LAN,1,lan_single_homo_projcos4,LAN single-node homo projcos4,single_homo,projcos4,random,low-risk,1,2.5,15.30779,16.14766,1,0,0.0,0.0,1.0,1,2.724163,0.693844
queued_8,random,eval_082,LAN,1,lan_single_homo_projcos4,LAN single-node homo projcos4,single_homo,projcos4,random,low-risk,1,2.5,16.14766,16.98921,1,0,0.0,0.0,1.0,1,2.724163,0.677047
queued_8,random,eval_083,LAN,1,lan_ab_projcos4,LAN A/B projcos4,t4strict_pair_a_vs_b_40_200,projcos4,random,low-risk,3,2.5,12.19166,13.22887,1,0,0.02,0.02,0.995,1,2.852113,0.754167
queued_8,random,eval_084,LAN,1,lan_ab_projcos4,LAN A/B projcos4,t4strict_pair_a_vs_b_40_200,projcos4,random,low-risk,3,2.5,13.22887,14.26608,1,0,0.02,0.02,0.995,1,2.852113,0.733423
queued_8,random,eval_085,LAN,1,lan_single_homo_scalar16,LAN single-node homo scalar16,single_homo,scalar16,random,low-risk,1,2.5,15.28343,16.12414,1,0,0.0,0.0,1.0,1,2.634826,0.694331
queued_8,random,eval_086,LAN,1,lan_ab_projcos4,LAN A/B projcos4,t4strict_pair_a_vs_b_40_200,projcos4,random,low-risk,3,2.5,14.26608,15.30038,1,0,0.02,0.02,0.995,1,2.852113,0.712678
queued_8,random,eval_087,LAN,3,lan_single_homo_scalar16,LAN single-node homo scalar16,single_homo,scalar16,random,low-risk,1,2.5,16.12414,16.98165,1,0,0.0,0.0,1.0,1,2.634826,0.677517
queued_8,random,eval_088,LAN,3,lan_single_homo_projcos4,LAN single-node homo projcos4,single_homo,projcos4,random,low-risk,1,2.5,16.98921,17.84504,0,0,0.0,0.0,1.0,1,2.724163,-0.339784
queued_8,random,eval_089,LAN,2,lan_ab_scalar16,LAN A/B scalar16,t4strict_pair_a_vs_b_40_200,scalar16,random,unverifiable,3,2.75,22.34965,23.40335,1,1,0.15,0.15,0.195,0,5.796454,0.388007
queued_8,random,eval_090,LAN,1,lan_ab_scalar16,LAN A/B scalar16,t4strict_pair_a_vs_b_40_200,scalar16,random,unverifiable,3,2.75,23.40335,24.44056,1,0,0.15,0.15,0.195,0,2.340788,0.516933
queued_8,random,eval_091,LAN,1,lan_single_homo_scalar16,LAN single-node homo scalar16,single_homo,scalar16,random,low-risk,1,2.75,16.73165,17.5732,1,0,0.0,0.0,1.0,1,2.634826,0.665367
queued_8,random,eval_092,LAN,2,lan_single_homo_projcos4,LAN single-node homo projcos4,single_homo,projcos4,random,low-risk,1,2.75,17.59504,18.43827,1,0,0.0,0.0,1.0,1,2.724163,0.648099
queued_8,random,eval_093,LAN,1,lan_single_homo_projcos4,LAN single-node homo projcos4,single_homo,projcos4,random,low-risk,1,2.75,18.43827,19.27982,1,0,0.0,0.0,1.0,1,2.724163,0.631235
queued_8,random,eval_094,LAN,1,lan_ab_projcos4,LAN A/B projcos4,t4strict_pair_a_vs_b_40_200,projcos4,random,low-risk,3,2.75,15.05038,16.08953,1,0,0.02,0.02,0.995,1,2.852113,0.696992
queued_8,random,eval_095,LAN,2,lan_ab_projcos4,LAN A/B projcos4,t4strict_pair_a_vs_b_40_200,projcos4,random,low-risk,3,2.75,16.08953,17.12965,1,0,0.02,0.02,0.995,1,2.852113,0.676209
queued_8,random,eval_096,LAN,1,lan_single_homo_scalar16,LAN single-node homo scalar16,single_homo,scalar16,random,low-risk,1,2.75,17.5732,18.41223,1,0,0.0,0.0,1.0,1,2.634826,0.648536
queued_8,random,eval_097,LAN,3,lan_single_homo_scalar16,LAN single-node homo scalar16,single_homo,scalar16,random,low-risk,1,3.0,18.16223,19.02142,1,0,0.0,0.0,1.0,1,2.634826,0.636755
queued_8,random,eval_098,LAN,3,lan_single_homo_scalar16,LAN single-node homo scalar16,single_homo,scalar16,random,low-risk,1,3.0,19.02142,19.87893,1,0,0.0,0.0,1.0,1,2.634826,0.619572
queued_8,random,eval_099,LAN,3,lan_ab_scalar16,LAN A/B scalar16,t4strict_pair_a_vs_b_40_200,scalar16,random,unverifiable,3,3.0,24.19056,25.2462,1,0,0.15,0.15,0.195,0,2.340788,0.501189
queued_8,random,eval_100,LAN,1,lan_single_homo_projcos4,LAN single-node homo projcos4,single_homo,projcos4,random,low-risk,1,3.0,19.02982,19.87137,1,0,0.0,0.0,1.0,1,2.724163,0.619404
queued_8,random,eval_101,LAN,1,lan_ab_scalar16,LAN A/B scalar16,t4strict_pair_a_vs_b_40_200,scalar16,random,unverifiable,3,3.0,25.2462,26.27662,1,0,0.15,0.15,0.195,0,2.340788,0.480076
queued_8,random,eval_102,LAN,1,lan_single_homo_projcos4,LAN single-node homo projcos4,single_homo,projcos4,random,low-risk,1,3.0,19.87137,20.70704,1,0,0.0,0.0,1.0,1,2.724163,0.602573
queued_8,random,eval_103,LAN,1,lan_single_homo_scalar16,LAN single-node homo scalar16,single_homo,scalar16,random,low-risk,1,3.0,19.87893,20.71292,1,0,0.0,0.0,1.0,1,2.634826,0.602421
queued_8,random,eval_104,LAN,1,lan_single_homo_projcos4,LAN single-node homo projcos4,single_homo,projcos4,random,low-risk,1,3.0,20.70704,21.54103,1,0,0.0,0.0,1.0,1,2.724163,0.585859
queued_8,random,eval_105,LAN,1,lan_single_homo_scalar16,LAN single-node homo scalar16,single_homo,scalar16,random,low-risk,1,3.25,20.46292,21.29775,1,0,0.0,0.0,1.0,1,2.634826,0.590742
queued_8,random,eval_106,LAN,1,lan_ab_projcos4,LAN A/B projcos4,t4strict_pair_a_vs_b_40_200,projcos4,random,low-risk,3,3.25,16.62965,17.65716,1,0,0.02,0.02,0.995,1,2.852113,0.665407
queued_8,random,eval_107,LAN,2,lan_single_homo_scalar16,LAN single-node homo scalar16,single_homo,scalar16,random,low-risk,1,3.25,21.29775,22.14938,0,0,0.0,0.0,1.0,1,2.634826,-0.425955
queued_8,random,eval_108,LAN,2,lan_ab_projcos4,LAN A/B projcos4,t4strict_pair_a_vs_b_40_200,projcos4,random,low-risk,3,3.25,17.65716,18.70601,1,0,0.02,0.02,0.995,1,2.852113,0.644857
queued_8,random,eval_109,LAN,2,lan_single_homo_scalar16,LAN single-node homo scalar16,single_homo,scalar16,random,low-risk,1,3.25,22.14938,22.99765,1,0,0.0,0.0,1.0,1,2.634826,0.557012
queued_8,random,eval_110,LAN,1,lan_single_homo_projcos4,LAN single-node homo projcos4,single_homo,projcos4,random,low-risk,1,3.25,21.29103,22.12502,1,0,0.0,0.0,1.0,1,2.724163,0.574179
queued_8,random,eval_111,LAN,1,lan_ab_projcos4,LAN A/B projcos4,t4strict_pair_a_vs_b_40_200,projcos4,random,low-risk,3,3.25,18.70601,19.7374,1,0,0.02,0.02,0.995,1,2.852113,0.62388
queued_8,random,eval_112,LAN,1,lan_ab_projcos4,LAN A/B projcos4,t4strict_pair_a_vs_b_40_200,projcos4,random,low-risk,3,3.25,19.7374,20.77073,1,0,0.02,0.02,0.995,1,2.852113,0.603252
queued_8,random,eval_113,LAN,1,lan_single_homo_scalar16,LAN single-node homo scalar16,single_homo,scalar16,random,low-risk,1,3.5,22.74765,23.58248,1,0,0.0,0.0,1.0,1,2.634826,0.545047
queued_8,random,eval_114,LAN,1,lan_single_homo_projcos4,LAN single-node homo projcos4,single_homo,projcos4,random,low-risk,1,3.5,21.87502,22.70985,1,0,0.0,0.0,1.0,1,2.724163,0.5625
queued_8,random,eval_115,LAN,1,lan_single_homo_scalar16,LAN single-node homo scalar16,single_homo,scalar16,random,low-risk,1,3.5,23.58248,24.41815,1,0,0.0,0.0,1.0,1,2.634826,0.52835
queued_8,random,eval_116,LAN,1,lan_single_homo_projcos4,LAN single-node homo projcos4,single_homo,projcos4,random,low-risk,1,3.5,22.70985,23.54216,1,0,0.0,0.0,1.0,1,2.724163,0.545803
queued_8,random,eval_117,LAN,2,lan_ab_projcos4,LAN A/B projcos4,t4strict_pair_a_vs_b_40_200,projcos4,random,low-risk,3,3.5,20.52073,21.57249,1,0,0.02,0.02,0.995,1,2.852113,0.587585
queued_8,random,eval_118,LAN,2,lan_ab_scalar16,LAN A/B scalar16,t4strict_pair_a_vs_b_40_200,scalar16,random,unverifiable,3,3.5,25.77662,26.82644,1,1,0.15,0.15,0.195,0,5.796454,0.319468
queued_8,random,eval_119,LAN,2,lan_single_homo_projcos4,LAN single-node homo projcos4,single_homo,projcos4,random,low-risk,1,3.5,23.54216,24.39127,1,0,0.0,0.0,1.0,1,2.724163,0.529157
queued_8,random,eval_120,LAN,1,lan_ab_projcos4,LAN A/B projcos4,t4strict_pair_a_vs_b_40_200,projcos4,random,low-risk,3,3.5,21.57249,22.60388,1,0,0.02,0.02,0.995,1,2.852113,0.56655
queued_8,random,eval_121,LAN,1,lan_ab_scalar16,LAN A/B scalar16,t4strict_pair_a_vs_b_40_200,scalar16,random,unverifiable,3,3.75,26.57644,27.61365,1,0,0.15,0.15,0.195,0,2.340788,0.453471
queued_8,random,eval_122,LAN,1,lan_ab_scalar16,LAN A/B scalar16,t4strict_pair_a_vs_b_40_200,scalar16,random,unverifiable,3,3.75,27.61365,28.6528,1,0,0.15,0.15,0.195,0,2.340788,0.432727
queued_8,random,eval_123,LAN,1,lan_ab_scalar16,LAN A/B scalar16,t4strict_pair_a_vs_b_40_200,scalar16,random,unverifiable,3,3.75,28.6528,29.69001,1,1,0.15,0.15,0.195,0,5.796454,0.261944
queued_8,random,eval_124,LAN,1,lan_ab_scalar16,LAN A/B scalar16,t4strict_pair_a_vs_b_40_200,scalar16,random,unverifiable,3,3.75,29.69001,30.72722,1,1,0.15,0.15,0.195,0,5.796454,0.2412
queued_8,random,eval_125,LAN,1,lan_single_homo_scalar16,LAN single-node homo scalar16,single_homo,scalar16,random,low-risk,1,3.75,24.16815,25.00886,1,0,0.0,0.0,1.0,1,2.634826,0.516637
queued_8,random,eval_126,LAN,1,lan_single_homo_projcos4,LAN single-node homo projcos4,single_homo,projcos4,random,low-risk,1,3.75,24.14127,24.97862,1,0,0.0,0.0,1.0,1,2.724163,0.517175
queued_8,random,eval_127,LAN,3,lan_single_homo_scalar16,LAN single-node homo scalar16,single_homo,scalar16,random,low-risk,1,3.75,25.00886,25.86637,1,0,0.0,0.0,1.0,1,2.634826,0.499823
queued_8,random,eval_128,LAN,3,lan_ab_projcos4,LAN A/B projcos4,t4strict_pair_a_vs_b_40_200,projcos4,random,low-risk,3,3.75,22.35388,23.40952,1,0,0.02,0.02,0.995,1,2.852113,0.550922
queued_8,random,eval_129,LAN,2,lan_ab_projcos4,LAN A/B projcos4,t4strict_pair_a_vs_b_40_200,projcos4,random,low-risk,3,4.0,23.15952,24.21322,1,0,0.02,0.02,0.995,1,2.852113,0.53481
queued_8,random,eval_130,LAN,1,lan_single_homo_projcos4,LAN single-node homo projcos4,single_homo,projcos4,random,low-risk,1,4.0,24.72862,25.56849,1,0,0.0,0.0,1.0,1,2.724163,0.505428
queued_8,random,eval_131,LAN,2,lan_single_homo_scalar16,LAN single-node homo scalar16,single_homo,scalar16,random,low-risk,1,4.0,25.61637,26.46044,1,0,0.0,0.0,1.0,1,2.634826,0.487673
queued_8,random,eval_132,LAN,2,lan_ab_scalar16,LAN A/B scalar16,t4strict_pair_a_vs_b_40_200,scalar16,random,unverifiable,3,4.0,30.47722,31.52122,1,0,0.15,0.15,0.195,0,2.340788,0.375456
queued_8,random,eval_133,LAN,2,lan_ab_projcos4,LAN A/B projcos4,t4strict_pair_a_vs_b_40_200,projcos4,random,low-risk,3,4.0,24.21322,25.25528,1,0,0.02,0.02,0.995,1,2.852113,0.513736
queued_8,random,eval_134,LAN,2,lan_ab_projcos4,LAN A/B projcos4,t4strict_pair_a_vs_b_40_200,projcos4,random,low-risk,3,4.0,25.25528,26.29734,1,0,0.02,0.02,0.995,1,2.852113,0.492894
queued_8,random,eval_135,LAN,2,lan_ab_scalar16,LAN A/B scalar16,t4strict_pair_a_vs_b_40_200,scalar16,random,unverifiable,3,4.0,31.52122,32.56425,1,0,0.15,0.15,0.195,0,2.340788,0.354576
queued_8,random,eval_136,LAN,1,lan_ab_scalar16,LAN A/B scalar16,t4strict_pair_a_vs_b_40_200,scalar16,random,unverifiable,3,4.0,32.56425,33.6034,1,0,0.15,0.15,0.195,0,2.340788,0.333715
queued_8,random,eval_137,LAN,3,lan_ab_scalar16,LAN A/B scalar16,t4strict_pair_a_vs_b_40_200,scalar16,random,unverifiable,3,4.25,33.3534,34.41583,1,0,0.15,0.15,0.195,0,2.340788,0.317932
queued_8,random,eval_138,LAN,3,lan_single_homo_projcos4,LAN single-node homo projcos4,single_homo,projcos4,random,low-risk,1,4.25,25.31849,26.17852,1,0,0.0,0.0,1.0,1,2.724163,0.49363
queued_8,random,eval_139,LAN,3,lan_ab_projcos4,LAN A/B projcos4,t4strict_pair_a_vs_b_40_200,projcos4,random,low-risk,3,4.25,26.04734,27.10589,1,0,0.02,0.02,0.995,1,2.852113,0.477053
queued_8,random,eval_140,LAN,2,lan_ab_projcos4,LAN A/B projcos4,t4strict_pair_a_vs_b_40_200,projcos4,random,low-risk,3,4.25,27.10589,28.14795,1,0,0.02,0.02,0.995,1,2.852113,0.455882
queued_8,random,eval_141,WAN,1,wan_ad_scalar16,WAN A/D scalar16,t4strict_pair_a_vs_d_40_200,scalar16,random,unverifiable,3,4.25,0.0,1.24875,1,0,0.09,0.09,0.045,0,2.901829,0.991
queued_8,random,eval_142,WAN,1,wan_ac_scalar16,WAN A/C scalar16,t4strict_pair_a_vs_c_40_200,scalar16,random,unverifiable,3,4.25,0.0,1.27197,1,0,0.11,0.11,0.095,0,3.002535,0.989
queued_8,random,eval_143,WAN,1,wan_ac_projcos4,WAN A/C projcos4,t4strict_pair_a_vs_c_40_200,projcos4,random,low-risk,3,4.25,0.0,1.26995,1,0,0.045,0.045,1.0,1,2.74343,0.9955
queued_8,random,eval_144,WAN,1,wan_bd_scalar16,WAN B/D scalar16,t4strict_pair_b_vs_d_40_200,scalar16,random,high-risk,3,4.25,0.0,1.31115,0,0,0.245,0.245,0.57,0,2.425473,-0.0245
queued_8,random,eval_145,WAN,1,wan_bd_scalar16,WAN B/D scalar16,t4strict_pair_b_vs_d_40_200,scalar16,random,high-risk,3,4.5,1.06115,2.37333,1,0,0.245,0.245,0.57,0,2.425473,0.954277
queued_8,random,eval_146,WAN,1,wan_ad_scalar16,WAN A/D scalar16,t4strict_pair_a_vs_d_40_200,scalar16,random,unverifiable,3,4.5,0.99875,2.24453,1,1,0.09,0.09,0.045,0,6.357495,0.821025
queued_8,random,eval_147,WAN,2,wan_bd_scalar16,WAN B/D scalar16,t4strict_pair_b_vs_d_40_200,scalar16,random,high-risk,3,4.5,2.37333,3.70611,1,0,0.245,0.245,0.57,0,2.425473,0.928033
queued_8,random,eval_148,WAN,2,wan_ac_scalar16,WAN A/C scalar16,t4strict_pair_a_vs_c_40_200,scalar16,random,unverifiable,3,4.5,1.02197,2.31111,1,0,0.11,0.11,0.095,0,3.002535,0.968561
queued_8,random,eval_149,WAN,2,wan_ad_scalar16,WAN A/D scalar16,t4strict_pair_a_vs_d_40_200,scalar16,random,unverifiable,3,4.5,2.24453,3.51011,1,0,0.09,0.09,0.045,0,2.901829,0.946109
queued_8,random,eval_150,WAN,1,wan_bd_projcos4,WAN B/D projcos4,t4strict_pair_b_vs_d_40_200,projcos4,random,low-risk,3,4.5,0.0,1.31115,1,0,0.075,0.075,1.0,1,2.706026,0.9925
queued_8,random,eval_151,WAN,1,wan_bd_scalar16,WAN B/D scalar16,t4strict_pair_b_vs_d_40_200,scalar16,random,high-risk,3,4.5,3.70611,5.02035,1,1,0.245,0.245,0.57,0,5.881139,0.751378
queued_8,random,eval_152,WAN,1,wan_ac_scalar16,WAN A/C scalar16,t4strict_pair_a_vs_c_40_200,scalar16,random,unverifiable,3,4.5,2.31111,3.58611,1,0,0.11,0.11,0.095,0,3.002535,0.942778
queued_8,random,eval_153,WAN,1,wan_bd_projcos4,WAN B/D projcos4,t4strict_pair_b_vs_d_40_200,projcos4,random,low-risk,3,4.75,1.06115,2.37539,0,0,0.075,0.075,1.0,1,2.706026,-0.028723
queued_8,random,eval_154,WAN,1,wan_ac_projcos4,WAN A/C projcos4,t4strict_pair_a_vs_c_40_200,projcos4,random,low-risk,3,4.75,0.76995,2.04293,1,0,0.045,0.045,1.0,1,2.74343,0.980101
queued_8,random,eval_155,WAN,1,wan_bd_scalar16,WAN B/D scalar16,t4strict_pair_b_vs_d_40_200,scalar16,random,high-risk,3,4.75,4.77035,6.08562,1,0,0.245,0.245,0.57,0,2.425473,0.880093
queued_8,random,eval_156,WAN,1,wan_ad_scalar16,WAN A/D scalar16,t4strict_pair_a_vs_d_40_200,scalar16,random,unverifiable,3,4.75,3.26011,4.50886,1,0,0.09,0.09,0.045,0,2.901829,0.925798
queued_8,random,eval_157,WAN,2,wan_ad_scalar16,WAN A/D scalar16,t4strict_pair_a_vs_d_40_200,scalar16,random,unverifiable,3,4.75,4.50886,5.78137,1,0,0.09,0.09,0.045,0,2.901829,0.900823
queued_8,random,eval_158,WAN,2,wan_ad_scalar16,WAN A/D scalar16,t4strict_pair_a_vs_d_40_200,scalar16,random,unverifiable,3,4.75,5.78137,7.0519,1,0,0.09,0.09,0.045,0,2.901829,0.875373
queued_8,random,eval_159,WAN,2,wan_ac_projcos4,WAN A/C projcos4,t4strict_pair_a_vs_c_40_200,projcos4,random,low-risk,3,4.75,2.04293,3.33308,1,0,0.045,0.045,1.0,1,2.74343,0.954641
queued_8,random,eval_160,WAN,1,wan_ac_projcos4,WAN A/C projcos4,t4strict_pair_a_vs_c_40_200,projcos4,random,low-risk,3,4.75,3.33308,4.60606,1,0,0.045,0.045,1.0,1,2.74343,0.928838
queued_8,random,eval_161,WAN,2,wan_ac_projcos4,WAN A/C projcos4,t4strict_pair_a_vs_c_40_200,projcos4,random,low-risk,3,5.0,4.35606,5.63914,1,0,0.045,0.045,1.0,1,2.74343,0.908379
queued_8,random,eval_162,WAN,2,wan_ad_projcos4,WAN A/D projcos4,t4strict_pair_a_vs_d_40_200,projcos4,random,low-risk,3,5.0,0.0,1.2636,1,0,0.02,0.02,0.995,1,2.775853,0.998
queued_8,random,eval_163,WAN,2,wan_ad_projcos4,WAN A/D projcos4,t4strict_pair_a_vs_d_40_200,projcos4,random,low-risk,3,5.0,1.2636,2.52522,1,0,0.02,0.02,0.995,1,2.775853,0.972728
queued_8,random,eval_164,WAN,2,wan_ad_scalar16,WAN A/D scalar16,t4strict_pair_a_vs_d_40_200,scalar16,random,unverifiable,3,5.0,6.8019,8.06352,1,0,0.09,0.09,0.045,0,2.901829,0.854962
queued_8,random,eval_165,WAN,2,wan_bd_projcos4,WAN B/D projcos4,t4strict_pair_b_vs_d_40_200,projcos4,random,low-risk,3,5.0,2.12539,3.45096,1,0,0.075,0.075,1.0,1,2.706026,0.949992
queued_8,random,eval_166,WAN,1,wan_ad_scalar16,WAN A/D scalar16,t4strict_pair_a_vs_d_40_200,scalar16,random,unverifiable,3,5.0,8.06352,9.32217,1,0,0.09,0.09,0.045,0,2.901829,0.82973
queued_8,random,eval_167,WAN,3,wan_ad_scalar16,WAN A/D scalar16,t4strict_pair_a_vs_d_40_200,scalar16,random,unverifiable,3,5.0,9.32217,10.60458,1,0,0.09,0.09,0.045,0,2.901829,0.804557
queued_8,random,eval_168,WAN,3,wan_ad_projcos4,WAN A/D projcos4,t4strict_pair_a_vs_d_40_200,projcos4,random,low-risk,3,5.0,2.52522,3.80565,1,1,0.02,0.02,0.995,1,6.145547,0.797496
queued_8,random,eval_169,WAN,3,wan_ac_scalar16,WAN A/C scalar16,t4strict_pair_a_vs_c_40_200,scalar16,random,unverifiable,3,5.25,2.83611,4.13636,1,0,0.11,0.11,0.095,0,3.002535,0.932278
queued_8,random,eval_170,WAN,2,wan_ac_scalar16,WAN A/C scalar16,t4strict_pair_a_vs_c_40_200,scalar16,random,unverifiable,3,5.25,4.13636,5.41944,1,0,0.11,0.11,0.095,0,3.002535,0.906273
queued_8,random,eval_171,WAN,1,wan_bd_projcos4,WAN B/D projcos4,t4strict_pair_b_vs_d_40_200,projcos4,random,low-risk,3,5.25,3.20096,4.52241,1,0,0.075,0.075,1.0,1,2.706026,0.928481
queued_8,random,eval_172,WAN,2,wan_bd_projcos4,WAN B/D projcos4,t4strict_pair_b_vs_d_40_200,projcos4,random,low-risk,3,5.25,4.52241,5.84592,1,0,0.075,0.075,1.0,1,2.706026,0.902052
queued_8,random,eval_173,WAN,1,wan_ad_projcos4,WAN A/D projcos4,t4strict_pair_a_vs_d_40_200,projcos4,random,low-risk,3,5.25,3.55565,4.8143,1,0,0.02,0.02,0.995,1,2.775853,0.926887
queued_8,random,eval_174,WAN,1,wan_ad_projcos4,WAN A/D projcos4,t4strict_pair_a_vs_d_40_200,projcos4,random,low-risk,3,5.25,4.8143,6.07295,1,0,0.02,0.02,0.995,1,2.775853,0.901714
queued_8,random,eval_175,WAN,2,wan_ac_scalar16,WAN A/C scalar16,t4strict_pair_a_vs_c_40_200,scalar16,random,unverifiable,3,5.25,5.41944,6.7005,1,0,0.11,0.11,0.095,0,3.002535,0.880611
queued_8,random,eval_176,WAN,1,wan_bd_scalar16,WAN B/D scalar16,t4strict_pair_b_vs_d_40_200,scalar16,random,high-risk,3,5.25,5.58562,6.90398,1,0,0.245,0.245,0.57,0,2.425473,0.863788
queued_8,random,eval_177,WAN,3,wan_bd_scalar16,WAN B/D scalar16,t4strict_pair_b_vs_d_40_200,scalar16,random,high-risk,3,5.5,6.65398,7.99706,1,0,0.245,0.245,0.57,0,2.425473,0.84242
queued_8,random,eval_178,WAN,3,wan_bd_scalar16,WAN B/D scalar16,t4strict_pair_b_vs_d_40_200,scalar16,random,high-risk,3,5.5,7.99706,9.33808,1,0,0.245,0.245,0.57,0,2.425473,0.815559
queued_8,random,eval_179,WAN,3,wan_ad_scalar16,WAN A/D scalar16,t4strict_pair_a_vs_d_40_200,scalar16,random,unverifiable,3,5.5,10.10458,11.38006,1,0,0.09,0.09,0.045,0,2.901829,0.788908
queued_8,random,eval_180,WAN,1,wan_ad_projcos4,WAN A/D projcos4,t4strict_pair_a_vs_d_40_200,projcos4,random,low-risk,3,5.5,5.82295,7.0816,1,0,0.02,0.02,0.995,1,2.775853,0.881541
queued_8,random,eval_181,WAN,2,wan_ad_scalar16,WAN A/D scalar16,t4strict_pair_a_vs_d_40_200,scalar16,random,unverifiable,3,5.5,11.38006,12.64762,1,0,0.09,0.09,0.045,0,2.901829,0.763399
queued_8,random,eval_182,WAN,2,wan_bd_projcos4,WAN B/D projcos4,t4strict_pair_b_vs_d_40_200,projcos4,random,low-risk,3,5.5,5.59592,6.9287,1,0,0.075,0.075,1.0,1,2.706026,0.880582
queued_8,random,eval_183,WAN,2,wan_ac_scalar16,WAN A/C scalar16,t4strict_pair_a_vs_c_40_200,scalar16,random,unverifiable,3,5.5,6.4505,7.73964,1,1,0.11,0.11,0.095,0,6.458201,0.70999
queued_8,random,eval_184,WAN,2,wan_ac_scalar16,WAN A/C scalar16,t4strict_pair_a_vs_c_40_200,scalar16,random,unverifiable,3,5.5,7.73964,9.02878,1,0,0.11,0.11,0.095,0,3.002535,0.834207
queued_8,random,eval_185,WAN,2,wan_ac_scalar16,WAN A/C scalar16,t4strict_pair_a_vs_c_40_200,scalar16,random,unverifiable,3,5.75,8.77878,10.06893,1,0,0.11,0.11,0.095,0,3.002535,0.813424
queued_8,random,eval_186,WAN,2,wan_ac_projcos4,WAN A/C projcos4,t4strict_pair_a_vs_c_40_200,projcos4,random,low-risk,3,5.75,4.88914,6.17525,0,0,0.045,0.045,1.0,1,2.74343,-0.102283
queued_8,random,eval_187,WAN,3,wan_ac_projcos4,WAN A/C projcos4,t4strict_pair_a_vs_c_40_200,projcos4,random,low-risk,3,5.75,6.17525,7.4856,1,0,0.045,0.045,1.0,1,2.74343,0.871995
queued_8,random,eval_188,WAN,3,wan_ad_projcos4,WAN A/D projcos4,t4strict_pair_a_vs_d_40_200,projcos4,random,low-risk,3,5.75,6.8316,8.11797,1,0,0.02,0.02,0.995,1,2.775853,0.861368
queued_8,random,eval_189,WAN,3,wan_ac_scalar16,WAN A/C scalar16,t4strict_pair_a_vs_c_40_200,scalar16,random,unverifiable,3,5.75,10.06893,11.37524,1,0,0.11,0.11,0.095,0,3.002535,0.787621
queued_8,random,eval_190,WAN,2,wan_ac_projcos4,WAN A/C projcos4,t4strict_pair_a_vs_c_40_200,projcos4,random,low-risk,3,5.75,7.4856,8.77474,1,0,0.045,0.045,1.0,1,2.74343,0.845788
queued_8,random,eval_191,WAN,2,wan_ad_projcos4,WAN A/D projcos4,t4strict_pair_a_vs_d_40_200,projcos4,random,low-risk,3,5.75,8.11797,9.38553,1,0,0.02,0.02,0.995,1,2.775853,0.835641
queued_8,random,eval_192,WAN,2,wan_ac_scalar16,WAN A/C scalar16,t4strict_pair_a_vs_c_40_200,scalar16,random,unverifiable,3,5.75,11.37524,12.6664,1,0,0.11,0.11,0.095,0,3.002535,0.761495
queued_8,random,eval_193,WAN,2,wan_bd_scalar16,WAN B/D scalar16,t4strict_pair_b_vs_d_40_200,scalar16,random,high-risk,3,6.0,8.83808,10.1688,0,0,0.245,0.245,0.57,0,2.425473,-0.201262
queued_8,random,eval_194,WAN,2,wan_bd_projcos4,WAN B/D projcos4,t4strict_pair_b_vs_d_40_200,projcos4,random,low-risk,3,6.0,6.4287,7.75942,1,0,0.075,0.075,1.0,1,2.706026,0.863926
queued_8,random,eval_195,WAN,2,wan_ad_scalar16,WAN A/D scalar16,t4strict_pair_a_vs_d_40_200,scalar16,random,unverifiable,3,6.0,12.14762,13.41617,1,0,0.09,0.09,0.045,0,2.901829,0.748048
queued_8,random,eval_196,WAN,2,wan_ac_scalar16,WAN A/C scalar16,t4strict_pair_a_vs_c_40_200,scalar16,random,unverifiable,3,6.0,12.4164,13.70251,1,0,0.11,0.11,0.095,0,3.002535,0.740672
queued_8,random,eval_197,WAN,3,wan_ad_projcos4,WAN A/D projcos4,t4strict_pair_a_vs_d_40_200,projcos4,random,low-risk,3,6.0,9.13553,10.42388,1,0,0.02,0.02,0.995,1,2.775853,0.815289
queued_8,random,eval_198,WAN,3,wan_ad_scalar16,WAN A/D scalar16,t4strict_pair_a_vs_d_40_200,scalar16,random,unverifiable,3,6.0,13.41617,14.70254,1,0,0.09,0.09,0.045,0,2.901829,0.722677
queued_8,random,eval_199,WAN,3,wan_ac_projcos4,WAN A/C projcos4,t4strict_pair_a_vs_c_40_200,projcos4,random,low-risk,3,6.0,8.52474,9.83105,1,0,0.045,0.045,1.0,1,2.74343,0.825005
queued_8,random,eval_200,WAN,2,wan_ad_scalar16,WAN A/D scalar16,t4strict_pair_a_vs_d_40_200,scalar16,random,unverifiable,3,6.0,14.70254,15.9701,1,0,0.09,0.09,0.045,0,2.901829,0.696949
queued_8,cost_only,eval_001,LAN,3,lan_single_homo_scalar16,LAN single-node homo scalar16,single_homo,scalar16,direct,low-risk,1,0.0,0.0,0.85583,1,0,0.0,0.0,1.0,1,2.634826,1.0
queued_8,cost_only,eval_002,LAN,3,lan_single_homo_scalar16,LAN single-node homo scalar16,single_homo,scalar16,direct,low-risk,1,0.0,0.85583,1.71334,1,0,0.0,0.0,1.0,1,2.634826,0.982883
queued_8,cost_only,eval_003,LAN,3,lan_single_homo_scalar16,LAN single-node homo scalar16,single_homo,scalar16,direct,low-risk,1,0.0,1.71334,2.56917,1,0,0.0,0.0,1.0,1,2.634826,0.965733
queued_8,cost_only,eval_004,LAN,3,lan_single_homo_scalar16,LAN single-node homo scalar16,single_homo,scalar16,direct,low-risk,1,0.0,2.56917,3.425,1,0,0.0,0.0,1.0,1,2.634826,0.948617
queued_8,cost_only,eval_005,LAN,3,lan_single_homo_scalar16,LAN single-node homo scalar16,single_homo,scalar16,direct,low-risk,1,0.0,3.425,4.28167,0,0,0.0,0.0,1.0,1,2.634826,-0.0685
queued_8,cost_only,eval_006,LAN,2,lan_single_homo_scalar16,LAN single-node homo scalar16,single_homo,scalar16,direct,low-risk,1,0.0,4.28167,5.13498,1,0,0.0,0.0,1.0,1,2.634826,0.914367
queued_8,cost_only,eval_007,LAN,3,lan_single_homo_scalar16,LAN single-node homo scalar16,single_homo,scalar16,direct,low-risk,1,0.0,5.13498,6.00845,1,0,0.0,0.0,1.0,1,2.634826,0.8973
queued_8,cost_only,eval_008,LAN,3,lan_single_homo_scalar16,LAN single-node homo scalar16,single_homo,scalar16,direct,low-risk,1,0.0,6.00845,6.88024,1,0,0.0,0.0,1.0,1,2.634826,0.879831
queued_8,cost_only,eval_009,LAN,3,lan_single_homo_scalar16,LAN single-node homo scalar16,single_homo,scalar16,direct,low-risk,1,0.25,6.63024,7.50035,1,0,0.0,0.0,1.0,1,2.634826,0.867395
queued_8,cost_only,eval_010,LAN,3,lan_single_homo_scalar16,LAN single-node homo scalar16,single_homo,scalar16,direct,low-risk,1,0.25,7.50035,8.35618,1,0,0.0,0.0,1.0,1,2.634826,0.849993
queued_8,cost_only,eval_011,LAN,1,lan_single_homo_scalar16,LAN single-node homo scalar16,single_homo,scalar16,direct,low-risk,1,0.25,8.35618,9.19605,1,0,0.0,0.0,1.0,1,2.634826,0.832876
queued_8,cost_only,eval_012,LAN,1,lan_single_homo_scalar16,LAN single-node homo scalar16,single_homo,scalar16,direct,low-risk,1,0.25,9.19605,10.0376,1,0,0.0,0.0,1.0,1,2.634826,0.816079
queued_8,cost_only,eval_013,LAN,1,lan_single_homo_scalar16,LAN single-node homo scalar16,single_homo,scalar16,direct,low-risk,1,0.25,10.0376,10.87747,1,0,0.0,0.0,1.0,1,2.634826,0.799248
queued_8,cost_only,eval_014,LAN,1,lan_single_homo_scalar16,LAN single-node homo scalar16,single_homo,scalar16,direct,low-risk,1,0.25,10.87747,11.71734,1,0,0.0,0.0,1.0,1,2.634826,0.782451
queued_8,cost_only,eval_015,LAN,1,lan_single_homo_scalar16,LAN single-node homo scalar16,single_homo,scalar16,direct,low-risk,1,0.25,11.71734,12.55805,1,0,0.0,0.0,1.0,1,2.634826,0.765653
queued_8,cost_only,eval_016,LAN,1,lan_single_homo_scalar16,LAN single-node homo scalar16,single_homo,scalar16,direct,low-risk,1,0.25,12.55805,13.3954,1,0,0.0,0.0,1.0,1,2.634826,0.748839
queued_8,cost_only,eval_017,LAN,3,lan_single_homo_scalar16,LAN single-node homo scalar16,single_homo,scalar16,direct,low-risk,1,0.5,13.1454,14.00291,1,0,0.0,0.0,1.0,1,2.634826,0.737092
queued_8,cost_only,eval_018,LAN,3,lan_single_homo_scalar16,LAN single-node homo scalar16,single_homo,scalar16,direct,low-risk,1,0.5,14.00291,14.85874,0,0,0.0,0.0,1.0,1,2.634826,-0.280058
queued_8,cost_only,eval_019,LAN,2,lan_single_homo_scalar16,LAN single-node homo scalar16,single_homo,scalar16,direct,low-risk,1,0.5,14.85874,15.71289,1,0,0.0,0.0,1.0,1,2.634826,0.702825
queued_8,cost_only,eval_020,LAN,1,lan_single_homo_scalar16,LAN single-node homo scalar16,single_homo,scalar16,direct,low-risk,1,0.5,15.71289,16.55276,1,0,0.0,0.0,1.0,1,2.634826,0.685742
queued_8,cost_only,eval_021,LAN,1,lan_single_homo_scalar16,LAN single-node homo scalar16,single_homo,scalar16,direct,low-risk,1,0.5,16.55276,17.38507,1,0,0.0,0.0,1.0,1,2.634826,0.668945
queued_8,cost_only,eval_022,LAN,1,lan_single_homo_scalar16,LAN single-node homo scalar16,single_homo,scalar16,direct,low-risk,1,0.5,17.38507,18.21906,1,0,0.0,0.0,1.0,1,2.634826,0.652299
queued_8,cost_only,eval_023,LAN,1,lan_single_homo_scalar16,LAN single-node homo scalar16,single_homo,scalar16,direct,low-risk,1,0.5,18.21906,19.05137,1,0,0.0,0.0,1.0,1,2.634826,0.635619
queued_8,cost_only,eval_024,LAN,1,lan_single_homo_scalar16,LAN single-node homo scalar16,single_homo,scalar16,direct,low-risk,1,0.5,19.05137,19.88368,1,0,0.0,0.0,1.0,1,2.634826,0.618973
queued_8,cost_only,eval_025,LAN,1,lan_single_homo_scalar16,LAN single-node homo scalar16,single_homo,scalar16,direct,low-risk,1,0.75,19.63368,20.46683,1,0,0.0,0.0,1.0,1,2.634826,0.607326
queued_8,cost_only,eval_026,LAN,1,lan_single_homo_scalar16,LAN single-node homo scalar16,single_homo,scalar16,direct,low-risk,1,0.75,20.46683,21.29662,1,0,0.0,0.0,1.0,1,2.634826,0.590663
queued_8,cost_only,eval_027,LAN,2,lan_single_homo_scalar16,LAN single-node homo scalar16,single_homo,scalar16,direct,low-risk,1,0.75,21.29662,22.14657,1,0,0.0,0.0,1.0,1,2.634826,0.574068
queued_8,cost_only,eval_028,LAN,2,lan_single_homo_scalar16,LAN single-node homo scalar16,single_homo,scalar16,direct,low-risk,1,0.75,22.14657,22.99484,1,0,0.0,0.0,1.0,1,2.634826,0.557069
queued_8,cost_only,eval_029,LAN,2,lan_single_homo_scalar16,LAN single-node homo scalar16,single_homo,scalar16,direct,low-risk,1,0.75,22.99484,23.84143,1,0,0.0,0.0,1.0,1,2.634826,0.540103
queued_8,cost_only,eval_030,LAN,1,lan_single_homo_scalar16,LAN single-node homo scalar16,single_homo,scalar16,direct,low-risk,1,0.75,23.84143,24.67374,1,0,0.0,0.0,1.0,1,2.634826,0.523171
queued_8,cost_only,eval_031,LAN,2,lan_single_homo_scalar16,LAN single-node homo scalar16,single_homo,scalar16,direct,low-risk,1,0.75,24.67374,25.52117,0,0,0.0,0.0,1.0,1,2.634826,-0.493475
queued_8,cost_only,eval_032,LAN,2,lan_single_homo_scalar16,LAN single-node homo scalar16,single_homo,scalar16,direct,low-risk,1,0.75,25.52117,26.37028,1,0,0.0,0.0,1.0,1,2.634826,0.489577
queued_8,cost_only,eval_033,LAN,2,lan_single_homo_scalar16,LAN single-node homo scalar16,single_homo,scalar16,direct,low-risk,1,1.0,26.12028,26.96771,0,0,0.0,0.0,1.0,1,2.634826,-0.522406
queued_8,cost_only,eval_034,LAN,2,lan_single_homo_scalar16,LAN single-node homo scalar16,single_homo,scalar16,direct,low-risk,1,1.0,26.96771,27.81514,1,0,0.0,0.0,1.0,1,2.634826,0.460646
queued_8,cost_only,eval_035,LAN,2,lan_single_homo_scalar16,LAN single-node homo scalar16,single_homo,scalar16,direct,low-risk,1,1.0,27.81514,28.66341,1,0,0.0,0.0,1.0,1,2.634826,0.443697
queued_8,cost_only,eval_036,LAN,2,lan_single_homo_scalar16,LAN single-node homo scalar16,single_homo,scalar16,direct,low-risk,1,1.0,28.66341,29.50832,1,0,0.0,0.0,1.0,1,2.634826,0.426732
queued_8,cost_only,eval_037,LAN,3,lan_single_homo_scalar16,LAN single-node homo scalar16,single_homo,scalar16,direct,low-risk,1,1.0,29.50832,30.37339,1,0,0.0,0.0,1.0,1,2.634826,0.409834
queued_8,cost_only,eval_038,LAN,3,lan_single_homo_scalar16,LAN single-node homo scalar16,single_homo,scalar16,direct,low-risk,1,1.0,30.37339,31.23678,0,0,0.0,0.0,1.0,1,2.634826,-0.607468
queued_8,cost_only,eval_039,LAN,3,lan_single_homo_scalar16,LAN single-node homo scalar16,single_homo,scalar16,direct,low-risk,1,1.0,31.23678,32.09849,0,0,0.0,0.0,1.0,1,2.634826,-0.624736
queued_8,cost_only,eval_040,LAN,2,lan_single_homo_scalar16,LAN single-node homo scalar16,single_homo,scalar16,direct,low-risk,1,1.0,32.09849,32.94592,0,0,0.0,0.0,1.0,1,2.634826,-0.64197
queued_8,cost_only,eval_041,LAN,2,lan_single_homo_scalar16,LAN single-node homo scalar16,single_homo,scalar16,direct,low-risk,1,1.25,32.69592,33.54335,1,0,0.0,0.0,1.0,1,2.634826,0.346082
queued_8,cost_only,eval_042,LAN,2,lan_single_homo_scalar16,LAN single-node homo scalar16,single_homo,scalar16,direct,low-risk,1,1.25,33.54335,34.39246,1,0,0.0,0.0,1.0,1,2.634826,0.329133
queued_8,cost_only,eval_043,LAN,2,lan_single_homo_scalar16,LAN single-node homo scalar16,single_homo,scalar16,direct,low-risk,1,1.25,34.39246,35.23989,1,0,0.0,0.0,1.0,1,2.634826,0.312151
queued_8,cost_only,eval_044,LAN,2,lan_single_homo_scalar16,LAN single-node homo scalar16,single_homo,scalar16,direct,low-risk,1,1.25,35.23989,36.08732,0,0,0.0,0.0,1.0,1,2.634826,-0.704798
queued_8,cost_only,eval_045,LAN,2,lan_single_homo_scalar16,LAN single-node homo scalar16,single_homo,scalar16,direct,low-risk,1,1.25,36.08732,36.93559,1,0,0.0,0.0,1.0,1,2.634826,0.278254
queued_8,cost_only,eval_046,LAN,2,lan_single_homo_scalar16,LAN single-node homo scalar16,single_homo,scalar16,direct,low-risk,1,1.25,36.93559,37.7805,1,0,0.0,0.0,1.0,1,2.634826,0.261288
queued_8,cost_only,eval_047,LAN,3,lan_single_homo_scalar16,LAN single-node homo scalar16,single_homo,scalar16,direct,low-risk,1,1.25,37.7805,38.64557,0,0,0.0,0.0,1.0,1,2.634826,-0.75561
queued_8,cost_only,eval_048,LAN,3,lan_single_homo_scalar16,LAN single-node homo scalar16,single_homo,scalar16,direct,low-risk,1,1.25,38.64557,39.50896,1,0,0.0,0.0,1.0,1,2.634826,0.227089
queued_8,cost_only,eval_049,LAN,3,lan_single_homo_scalar16,LAN single-node homo scalar16,single_homo,scalar16,direct,low-risk,1,1.5,39.25896,40.12067,1,0,0.0,0.0,1.0,1,2.634826,0.214821
queued_8,cost_only,eval_050,LAN,2,lan_single_homo_scalar16,LAN single-node homo scalar16,single_homo,scalar16,direct,low-risk,1,1.5,40.12067,40.9681,1,0,0.0,0.0,1.0,1,2.634826,0.197587
queued_8,cost_only,eval_051,LAN,3,lan_single_homo_scalar16,LAN single-node homo scalar16,single_homo,scalar16,direct,low-risk,1,1.5,40.9681,41.82477,0,0,0.0,0.0,1.0,1,2.634826,-0.819362
queued_8,cost_only,eval_052,LAN,3,lan_single_homo_scalar16,LAN single-node homo scalar16,single_homo,scalar16,direct,low-risk,1,1.5,41.82477,42.68312,1,0,0.0,0.0,1.0,1,2.634826,0.163505
queued_8,cost_only,eval_053,LAN,3,lan_single_homo_scalar16,LAN single-node homo scalar16,single_homo,scalar16,direct,low-risk,1,1.5,42.68312,43.53979,1,0,0.0,0.0,1.0,1,2.634826,0.146338
queued_8,cost_only,eval_054,LAN,3,lan_single_homo_scalar16,LAN single-node homo scalar16,single_homo,scalar16,direct,low-risk,1,1.5,43.53979,44.39646,1,0,0.0,0.0,1.0,1,2.634826,0.129204
queued_8,cost_only,eval_055,LAN,3,lan_single_homo_scalar16,LAN single-node homo scalar16,single_homo,scalar16,direct,low-risk,1,1.5,44.39646,45.25397,1,0,0.0,0.0,1.0,1,2.634826,0.112071
queued_8,cost_only,eval_056,LAN,2,lan_single_homo_scalar16,LAN single-node homo scalar16,single_homo,scalar16,direct,low-risk,1,1.5,45.25397,46.10812,1,0,0.0,0.0,1.0,1,2.634826,0.094921
queued_8,cost_only,eval_057,LAN,3,lan_single_homo_scalar16,LAN single-node homo scalar16,single_homo,scalar16,direct,low-risk,1,1.75,45.85812,46.73243,1,0,0.0,0.0,1.0,1,2.634826,0.082838
queued_8,cost_only,eval_058,LAN,3,lan_single_homo_scalar16,LAN single-node homo scalar16,single_homo,scalar16,direct,low-risk,1,1.75,46.73243,47.60506,1,0,0.0,0.0,1.0,1,2.634826,0.065351
queued_8,cost_only,eval_059,LAN,3,lan_single_homo_scalar16,LAN single-node homo scalar16,single_homo,scalar16,direct,low-risk,1,1.75,47.60506,48.47601,1,0,0.0,0.0,1.0,1,2.634826,0.047899
queued_8,cost_only,eval_060,LAN,3,lan_single_homo_scalar16,LAN single-node homo scalar16,single_homo,scalar16,direct,low-risk,1,1.75,48.47601,49.33268,0,0,0.0,0.0,1.0,1,2.634826,-0.96952
queued_8,cost_only,eval_061,LAN,1,lan_single_homo_scalar16,LAN single-node homo scalar16,single_homo,scalar16,direct,low-risk,1,1.75,49.33268,50.16499,1,0,0.0,0.0,1.0,1,2.634826,0.013346
queued_8,cost_only,eval_062,LAN,1,lan_single_homo_scalar16,LAN single-node homo scalar16,single_homo,scalar16,direct,low-risk,1,1.75,50.16499,50.99898,1,0,0.0,0.0,1.0,1,2.634826,-0.0033
queued_8,cost_only,eval_063,LAN,1,lan_single_homo_scalar16,LAN single-node homo scalar16,single_homo,scalar16,direct,low-risk,1,1.75,50.99898,51.83129,1,0,0.0,0.0,1.0,1,2.634826,-0.01998
queued_8,cost_only,eval_064,LAN,1,lan_single_homo_scalar16,LAN single-node homo scalar16,single_homo,scalar16,direct,low-risk,1,1.75,51.83129,52.6636,1,0,0.0,0.0,1.0,1,2.634826,-0.036626
queued_8,cost_only,eval_065,LAN,1,lan_single_homo_scalar16,LAN single-node homo scalar16,single_homo,scalar16,direct,low-risk,1,2.0,52.4136,53.24675,1,0,0.0,0.0,1.0,1,2.634826,-0.048272
queued_8,cost_only,eval_066,LAN,1,lan_single_homo_scalar16,LAN single-node homo scalar16,single_homo,scalar16,direct,low-risk,1,2.0,53.24675,54.07654,1,0,0.0,0.0,1.0,1,2.634826,-0.064935
queued_8,cost_only,eval_067,LAN,2,lan_single_homo_scalar16,LAN single-node homo scalar16,single_homo,scalar16,direct,low-risk,1,2.0,54.07654,54.92649,0,0,0.0,0.0,1.0,1,2.634826,-1.081531
queued_8,cost_only,eval_068,LAN,2,lan_single_homo_scalar16,LAN single-node homo scalar16,single_homo,scalar16,direct,low-risk,1,2.0,54.92649,55.77476,1,0,0.0,0.0,1.0,1,2.634826,-0.09853
queued_8,cost_only,eval_069,LAN,2,lan_single_homo_scalar16,LAN single-node homo scalar16,single_homo,scalar16,direct,low-risk,1,2.0,55.77476,56.62135,1,0,0.0,0.0,1.0,1,2.634826,-0.115495
queued_8,cost_only,eval_070,LAN,1,lan_single_homo_scalar16,LAN single-node homo scalar16,single_homo,scalar16,direct,low-risk,1,2.0,56.62135,57.45366,1,0,0.0,0.0,1.0,1,2.634826,-0.132427
queued_8,cost_only,eval_071,LAN,1,lan_single_homo_scalar16,LAN single-node homo scalar16,single_homo,scalar16,direct,low-risk,1,2.0,57.45366,58.28681,1,0,0.0,0.0,1.0,1,2.634826,-0.149073
queued_8,cost_only,eval_072,LAN,1,lan_single_homo_scalar16,LAN single-node homo scalar16,single_homo,scalar16,direct,low-risk,1,2.0,58.28681,59.12164,1,0,0.0,0.0,1.0,1,2.634826,-0.165736
queued_8,cost_only,eval_073,LAN,1,lan_single_homo_scalar16,LAN single-node homo scalar16,single_homo,scalar16,direct,low-risk,1,2.25,58.87164,59.70479,1,0,0.0,0.0,1.0,1,2.634826,-0.177433
queued_8,cost_only,eval_074,LAN,1,lan_single_homo_scalar16,LAN single-node homo scalar16,single_homo,scalar16,direct,low-risk,1,2.25,59.70479,60.53794,1,0,0.0,0.0,1.0,1,2.634826,-0.194096
queued_8,cost_only,eval_075,LAN,1,lan_single_homo_scalar16,LAN single-node homo scalar16,single_homo,scalar16,direct,low-risk,1,2.25,60.53794,61.37193,1,0,0.0,0.0,1.0,1,2.634826,-0.210759
queued_8,cost_only,eval_076,LAN,1,lan_single_homo_scalar16,LAN single-node homo scalar16,single_homo,scalar16,direct,low-risk,1,2.25,61.37193,62.20256,1,0,0.0,0.0,1.0,1,2.634826,-0.227439
queued_8,cost_only,eval_077,LAN,2,lan_single_homo_scalar16,LAN single-node homo scalar16,single_homo,scalar16,direct,low-risk,1,2.25,62.20256,63.05335,1,0,0.0,0.0,1.0,1,2.634826,-0.244051
queued_8,cost_only,eval_078,LAN,2,lan_single_homo_scalar16,LAN single-node homo scalar16,single_homo,scalar16,direct,low-risk,1,2.25,63.05335,63.90246,1,0,0.0,0.0,1.0,1,2.634826,-0.261067
queued_8,cost_only,eval_079,LAN,2,lan_single_homo_scalar16,LAN single-node homo scalar16,single_homo,scalar16,direct,low-risk,1,2.25,63.90246,64.74989,1,0,0.0,0.0,1.0,1,2.634826,-0.278049
queued_8,cost_only,eval_080,LAN,1,lan_single_homo_scalar16,LAN single-node homo scalar16,single_homo,scalar16,direct,low-risk,1,2.25,64.74989,65.58304,1,0,0.0,0.0,1.0,1,2.634826,-0.294998
queued_8,cost_only,eval_081,LAN,1,lan_single_homo_scalar16,LAN single-node homo scalar16,single_homo,scalar16,direct,low-risk,1,2.5,65.33304,66.17291,1,0,0.0,0.0,1.0,1,2.634826,-0.306661
queued_8,cost_only,eval_082,LAN,1,lan_single_homo_scalar16,LAN single-node homo scalar16,single_homo,scalar16,direct,low-risk,1,2.5,66.17291,67.01446,1,0,0.0,0.0,1.0,1,2.634826,-0.323458
queued_8,cost_only,eval_083,LAN,1,lan_single_homo_scalar16,LAN single-node homo scalar16,single_homo,scalar16,direct,low-risk,1,2.5,67.01446,67.85433,1,0,0.0,0.0,1.0,1,2.634826,-0.340289
queued_8,cost_only,eval_084,LAN,1,lan_single_homo_scalar16,LAN single-node homo scalar16,single_homo,scalar16,direct,low-risk,1,2.5,67.85433,68.6942,1,0,0.0,0.0,1.0,1,2.634826,-0.357087
queued_8,cost_only,eval_085,LAN,1,lan_single_homo_scalar16,LAN single-node homo scalar16,single_homo,scalar16,direct,low-risk,1,2.5,68.6942,69.53491,1,0,0.0,0.0,1.0,1,2.634826,-0.373884
queued_8,cost_only,eval_086,LAN,1,lan_single_homo_scalar16,LAN single-node homo scalar16,single_homo,scalar16,direct,low-risk,1,2.5,69.53491,70.37226,1,0,0.0,0.0,1.0,1,2.634826,-0.390698
queued_8,cost_only,eval_087,LAN,3,lan_single_homo_scalar16,LAN single-node homo scalar16,single_homo,scalar16,direct,low-risk,1,2.5,70.37226,71.22977,1,0,0.0,0.0,1.0,1,2.634826,-0.407445
queued_8,cost_only,eval_088,LAN,3,lan_single_homo_scalar16,LAN single-node homo scalar16,single_homo,scalar16,direct,low-risk,1,2.5,71.22977,72.0856,0,0,0.0,0.0,1.0,1,2.634826,-1.424595
queued_8,cost_only,eval_089,LAN,2,lan_single_homo_scalar16,LAN single-node homo scalar16,single_homo,scalar16,direct,low-risk,1,2.75,71.8356,72.68975,0,0,0.0,0.0,1.0,1,2.634826,-1.436712
queued_8,cost_only,eval_090,LAN,1,lan_single_homo_scalar16,LAN single-node homo scalar16,single_homo,scalar16,direct,low-risk,1,2.75,72.68975,73.52962,1,0,0.0,0.0,1.0,1,2.634826,-0.453795
queued_8,cost_only,eval_091,LAN,1,lan_single_homo_scalar16,LAN single-node homo scalar16,single_homo,scalar16,direct,low-risk,1,2.75,73.52962,74.37117,1,0,0.0,0.0,1.0,1,2.634826,-0.470592
queued_8,cost_only,eval_092,LAN,2,lan_single_homo_scalar16,LAN single-node homo scalar16,single_homo,scalar16,direct,low-risk,1,2.75,74.37117,75.2144,1,0,0.0,0.0,1.0,1,2.634826,-0.487423
queued_8,cost_only,eval_093,LAN,1,lan_single_homo_scalar16,LAN single-node homo scalar16,single_homo,scalar16,direct,low-risk,1,2.75,75.2144,76.05595,1,0,0.0,0.0,1.0,1,2.634826,-0.504288
queued_8,cost_only,eval_094,LAN,1,lan_single_homo_scalar16,LAN single-node homo scalar16,single_homo,scalar16,direct,low-risk,1,2.75,76.05595,76.8975,1,0,0.0,0.0,1.0,1,2.634826,-0.521119
queued_8,cost_only,eval_095,LAN,2,lan_single_homo_scalar16,LAN single-node homo scalar16,single_homo,scalar16,direct,low-risk,1,2.75,76.8975,77.73989,0,0,0.0,0.0,1.0,1,2.634826,-1.53795
queued_8,cost_only,eval_096,LAN,1,lan_single_homo_scalar16,LAN single-node homo scalar16,single_homo,scalar16,direct,low-risk,1,2.75,77.73989,78.57892,1,0,0.0,0.0,1.0,1,2.634826,-0.554798
queued_8,cost_only,eval_097,LAN,3,lan_single_homo_scalar16,LAN single-node homo scalar16,single_homo,scalar16,direct,low-risk,1,3.0,78.32892,79.18811,1,0,0.0,0.0,1.0,1,2.634826,-0.566578
queued_8,cost_only,eval_098,LAN,3,lan_single_homo_scalar16,LAN single-node homo scalar16,single_homo,scalar16,direct,low-risk,1,3.0,79.18811,80.04562,0,0,0.0,0.0,1.0,1,2.634826,-1.583762
queued_8,cost_only,eval_099,LAN,3,lan_single_homo_scalar16,LAN single-node homo scalar16,single_homo,scalar16,direct,low-risk,1,3.0,80.04562,80.90145,1,0,0.0,0.0,1.0,1,2.634826,-0.600912
queued_8,cost_only,eval_100,LAN,1,lan_single_homo_scalar16,LAN single-node homo scalar16,single_homo,scalar16,direct,low-risk,1,3.0,80.90145,81.743,1,0,0.0,0.0,1.0,1,2.634826,-0.618029
queued_8,cost_only,eval_101,LAN,1,lan_single_homo_scalar16,LAN single-node homo scalar16,single_homo,scalar16,direct,low-risk,1,3.0,81.743,82.57699,1,0,0.0,0.0,1.0,1,2.634826,-0.63486
queued_8,cost_only,eval_102,LAN,1,lan_single_homo_scalar16,LAN single-node homo scalar16,single_homo,scalar16,direct,low-risk,1,3.0,82.57699,83.41266,1,0,0.0,0.0,1.0,1,2.634826,-0.65154
queued_8,cost_only,eval_103,LAN,1,lan_single_homo_scalar16,LAN single-node homo scalar16,single_homo,scalar16,direct,low-risk,1,3.0,83.41266,84.24665,1,0,0.0,0.0,1.0,1,2.634826,-0.668253
queued_8,cost_only,eval_104,LAN,1,lan_single_homo_scalar16,LAN single-node homo scalar16,single_homo,scalar16,direct,low-risk,1,3.0,84.24665,85.08064,1,0,0.0,0.0,1.0,1,2.634826,-0.684933
queued_8,cost_only,eval_105,LAN,1,lan_single_homo_scalar16,LAN single-node homo scalar16,single_homo,scalar16,direct,low-risk,1,3.25,84.83064,85.66547,1,0,0.0,0.0,1.0,1,2.634826,-0.696613
queued_8,cost_only,eval_106,LAN,1,lan_single_homo_scalar16,LAN single-node homo scalar16,single_homo,scalar16,direct,low-risk,1,3.25,85.66547,86.49694,1,0,0.0,0.0,1.0,1,2.634826,-0.713309
queued_8,cost_only,eval_107,LAN,2,lan_single_homo_scalar16,LAN single-node homo scalar16,single_homo,scalar16,direct,low-risk,1,3.25,86.49694,87.34857,0,0,0.0,0.0,1.0,1,2.634826,-1.729939
queued_8,cost_only,eval_108,LAN,2,lan_single_homo_scalar16,LAN single-node homo scalar16,single_homo,scalar16,direct,low-risk,1,3.25,87.34857,88.19852,0,0,0.0,0.0,1.0,1,2.634826,-1.746971
queued_8,cost_only,eval_109,LAN,2,lan_single_homo_scalar16,LAN single-node homo scalar16,single_homo,scalar16,direct,low-risk,1,3.25,88.19852,89.04679,1,0,0.0,0.0,1.0,1,2.634826,-0.76397
queued_8,cost_only,eval_110,LAN,1,lan_single_homo_scalar16,LAN single-node homo scalar16,single_homo,scalar16,direct,low-risk,1,3.25,89.04679,89.88078,1,0,0.0,0.0,1.0,1,2.634826,-0.780936
queued_8,cost_only,eval_111,LAN,1,lan_single_homo_scalar16,LAN single-node homo scalar16,single_homo,scalar16,direct,low-risk,1,3.25,89.88078,90.71561,1,0,0.0,0.0,1.0,1,2.634826,-0.797616
queued_8,cost_only,eval_112,LAN,1,lan_single_homo_scalar16,LAN single-node homo scalar16,single_homo,scalar16,direct,low-risk,1,3.25,90.71561,91.55212,1,0,0.0,0.0,1.0,1,2.634826,-0.814312
queued_8,cost_only,eval_113,LAN,1,lan_single_homo_scalar16,LAN single-node homo scalar16,single_homo,scalar16,direct,low-risk,1,3.5,91.30212,92.13695,1,0,0.0,0.0,1.0,1,2.634826,-0.826042
queued_8,cost_only,eval_114,LAN,1,lan_single_homo_scalar16,LAN single-node homo scalar16,single_homo,scalar16,direct,low-risk,1,3.5,92.13695,92.97178,1,0,0.0,0.0,1.0,1,2.634826,-0.842739
queued_8,cost_only,eval_115,LAN,1,lan_single_homo_scalar16,LAN single-node homo scalar16,single_homo,scalar16,direct,low-risk,1,3.5,92.97178,93.80745,1,0,0.0,0.0,1.0,1,2.634826,-0.859436
queued_8,cost_only,eval_116,LAN,1,lan_single_homo_scalar16,LAN single-node homo scalar16,single_homo,scalar16,direct,low-risk,1,3.5,93.80745,94.63976,1,0,0.0,0.0,1.0,1,2.634826,-0.876149
queued_8,cost_only,eval_117,LAN,2,lan_single_homo_scalar16,LAN single-node homo scalar16,single_homo,scalar16,direct,low-risk,1,3.5,94.63976,95.49223,1,0,0.0,0.0,1.0,1,2.634826,-0.892795
queued_8,cost_only,eval_118,LAN,2,lan_single_homo_scalar16,LAN single-node homo scalar16,single_homo,scalar16,direct,low-risk,1,3.5,95.49223,96.34302,1,0,0.0,0.0,1.0,1,2.634826,-0.909845
queued_8,cost_only,eval_119,LAN,2,lan_single_homo_scalar16,LAN single-node homo scalar16,single_homo,scalar16,direct,low-risk,1,3.5,96.34302,97.19213,1,0,0.0,0.0,1.0,1,2.634826,-0.92686
queued_8,cost_only,eval_120,LAN,1,lan_single_homo_scalar16,LAN single-node homo scalar16,single_homo,scalar16,direct,low-risk,1,3.5,97.19213,98.02696,1,0,0.0,0.0,1.0,1,2.634826,-0.943843
queued_8,cost_only,eval_121,LAN,1,lan_single_homo_scalar16,LAN single-node homo scalar16,single_homo,scalar16,direct,low-risk,1,3.75,97.77696,98.61683,1,0,0.0,0.0,1.0,1,2.634826,-0.955539
queued_8,cost_only,eval_122,LAN,1,lan_single_homo_scalar16,LAN single-node homo scalar16,single_homo,scalar16,direct,low-risk,1,3.75,98.61683,99.45838,1,0,0.0,0.0,1.0,1,2.634826,-0.972337
queued_8,cost_only,eval_123,LAN,1,lan_single_homo_scalar16,LAN single-node homo scalar16,single_homo,scalar16,direct,low-risk,1,3.75,99.45838,100.29825,1,0,0.0,0.0,1.0,1,2.634826,-0.989168
queued_8,cost_only,eval_124,LAN,1,lan_single_homo_scalar16,LAN single-node homo scalar16,single_homo,scalar16,direct,low-risk,1,3.75,100.29825,101.13812,1,0,0.0,0.0,1.0,1,2.634826,-1.005965
queued_8,cost_only,eval_125,LAN,1,lan_single_homo_scalar16,LAN single-node homo scalar16,single_homo,scalar16,direct,low-risk,1,3.75,101.13812,101.97883,1,0,0.0,0.0,1.0,1,2.634826,-1.022762
queued_8,cost_only,eval_126,LAN,1,lan_single_homo_scalar16,LAN single-node homo scalar16,single_homo,scalar16,direct,low-risk,1,3.75,101.97883,102.81618,1,0,0.0,0.0,1.0,1,2.634826,-1.039577
queued_8,cost_only,eval_127,LAN,3,lan_single_homo_scalar16,LAN single-node homo scalar16,single_homo,scalar16,direct,low-risk,1,3.75,102.81618,103.67369,1,0,0.0,0.0,1.0,1,2.634826,-1.056324
queued_8,cost_only,eval_128,LAN,3,lan_single_homo_scalar16,LAN single-node homo scalar16,single_homo,scalar16,direct,low-risk,1,3.75,103.67369,104.52952,1,0,0.0,0.0,1.0,1,2.634826,-1.073474
queued_8,cost_only,eval_129,LAN,2,lan_single_homo_scalar16,LAN single-node homo scalar16,single_homo,scalar16,direct,low-risk,1,4.0,104.27952,105.13367,1,0,0.0,0.0,1.0,1,2.634826,-1.08559
queued_8,cost_only,eval_130,LAN,1,lan_single_homo_scalar16,LAN single-node homo scalar16,single_homo,scalar16,direct,low-risk,1,4.0,105.13367,105.97354,1,0,0.0,0.0,1.0,1,2.634826,-1.102673
queued_8,cost_only,eval_131,LAN,2,lan_single_homo_scalar16,LAN single-node homo scalar16,single_homo,scalar16,direct,low-risk,1,4.0,105.97354,106.81761,1,0,0.0,0.0,1.0,1,2.634826,-1.119471
queued_8,cost_only,eval_132,LAN,2,lan_single_homo_scalar16,LAN single-node homo scalar16,single_homo,scalar16,direct,low-risk,1,4.0,106.81761,107.66336,1,0,0.0,0.0,1.0,1,2.634826,-1.136352
queued_8,cost_only,eval_133,LAN,2,lan_single_homo_scalar16,LAN single-node homo scalar16,single_homo,scalar16,direct,low-risk,1,4.0,107.66336,108.50743,1,0,0.0,0.0,1.0,1,2.634826,-1.153267
queued_8,cost_only,eval_134,LAN,2,lan_single_homo_scalar16,LAN single-node homo scalar16,single_homo,scalar16,direct,low-risk,1,4.0,108.50743,109.3515,0,0,0.0,0.0,1.0,1,2.634826,-2.170149
queued_8,cost_only,eval_135,LAN,2,lan_single_homo_scalar16,LAN single-node homo scalar16,single_homo,scalar16,direct,low-risk,1,4.0,109.3515,110.19641,0,0,0.0,0.0,1.0,1,2.634826,-2.18703
queued_8,cost_only,eval_136,LAN,1,lan_single_homo_scalar16,LAN single-node homo scalar16,single_homo,scalar16,direct,low-risk,1,4.0,110.19641,111.03796,1,0,0.0,0.0,1.0,1,2.634826,-1.203928
queued_8,cost_only,eval_137,LAN,3,lan_single_homo_scalar16,LAN single-node homo scalar16,single_homo,scalar16,direct,low-risk,1,4.25,110.78796,111.64967,1,0,0.0,0.0,1.0,1,2.634826,-1.215759
queued_8,cost_only,eval_138,LAN,3,lan_single_homo_scalar16,LAN single-node homo scalar16,single_homo,scalar16,direct,low-risk,1,4.25,111.64967,112.5097,1,0,0.0,0.0,1.0,1,2.634826,-1.232993
queued_8,cost_only,eval_139,LAN,3,lan_single_homo_scalar16,LAN single-node homo scalar16,single_homo,scalar16,direct,low-risk,1,4.25,112.5097,113.36805,1,0,0.0,0.0,1.0,1,2.634826,-1.250194
queued_8,cost_only,eval_140,LAN,2,lan_single_homo_scalar16,LAN single-node homo scalar16,single_homo,scalar16,direct,low-risk,1,4.25,113.36805,114.21212,1,0,0.0,0.0,1.0,1,2.634826,-1.267361
queued_8,cost_only,eval_141,WAN,1,wan_ad_scalar16,WAN A/D scalar16,t4strict_pair_a_vs_d_40_200,scalar16,direct,unverifiable,3,4.25,0.0,1.24875,1,0,0.09,0.09,0.045,0,2.901829,0.991
queued_8,cost_only,eval_142,WAN,1,wan_ad_scalar16,WAN A/D scalar16,t4strict_pair_a_vs_d_40_200,scalar16,direct,unverifiable,3,4.25,1.24875,2.49948,1,0,0.09,0.09,0.045,0,2.901829,0.966025
queued_8,cost_only,eval_143,WAN,1,wan_ad_scalar16,WAN A/D scalar16,t4strict_pair_a_vs_d_40_200,scalar16,direct,unverifiable,3,4.25,2.49948,3.74823,1,0,0.09,0.09,0.045,0,2.901829,0.94101
queued_8,cost_only,eval_144,WAN,1,wan_ad_scalar16,WAN A/D scalar16,t4strict_pair_a_vs_d_40_200,scalar16,direct,unverifiable,3,4.25,3.74823,4.99698,1,0,0.09,0.09,0.045,0,2.901829,0.916035
queued_8,cost_only,eval_145,WAN,1,wan_ad_scalar16,WAN A/D scalar16,t4strict_pair_a_vs_d_40_200,scalar16,direct,unverifiable,3,4.5,4.74698,5.99672,1,0,0.09,0.09,0.045,0,2.901829,0.89606
queued_8,cost_only,eval_146,WAN,1,wan_ad_scalar16,WAN A/D scalar16,t4strict_pair_a_vs_d_40_200,scalar16,direct,unverifiable,3,4.5,5.99672,7.2425,1,0,0.09,0.09,0.045,0,2.901829,0.871066
queued_8,cost_only,eval_147,WAN,2,wan_ad_scalar16,WAN A/D scalar16,t4strict_pair_a_vs_d_40_200,scalar16,direct,unverifiable,3,4.5,7.2425,8.51204,1,0,0.09,0.09,0.045,0,2.901829,0.84615
queued_8,cost_only,eval_148,WAN,2,wan_ad_scalar16,WAN A/D scalar16,t4strict_pair_a_vs_d_40_200,scalar16,direct,unverifiable,3,4.5,8.51204,9.7796,1,1,0.09,0.09,0.045,0,6.357495,0.670759
queued_8,cost_only,eval_149,WAN,2,wan_ad_scalar16,WAN A/D scalar16,t4strict_pair_a_vs_d_40_200,scalar16,direct,unverifiable,3,4.5,9.7796,11.04518,1,0,0.09,0.09,0.045,0,2.901829,0.795408
queued_8,cost_only,eval_150,WAN,1,wan_ad_scalar16,WAN A/D scalar16,t4strict_pair_a_vs_d_40_200,scalar16,direct,unverifiable,3,4.5,11.04518,12.29393,1,0,0.09,0.09,0.045,0,2.901829,0.770096
queued_8,cost_only,eval_151,WAN,1,wan_ad_scalar16,WAN A/D scalar16,t4strict_pair_a_vs_d_40_200,scalar16,direct,unverifiable,3,4.5,12.29393,13.54565,1,0,0.09,0.09,0.045,0,2.901829,0.745121
queued_8,cost_only,eval_152,WAN,1,wan_ad_scalar16,WAN A/D scalar16,t4strict_pair_a_vs_d_40_200,scalar16,direct,unverifiable,3,4.5,13.54565,14.79935,1,0,0.09,0.09,0.045,0,2.901829,0.720087
queued_8,cost_only,eval_153,WAN,1,wan_ad_scalar16,WAN A/D scalar16,t4strict_pair_a_vs_d_40_200,scalar16,direct,unverifiable,3,4.75,14.54935,15.80107,0,0,0.09,0.09,0.045,0,2.901829,-0.299987
queued_8,cost_only,eval_154,WAN,1,wan_ad_scalar16,WAN A/D scalar16,t4strict_pair_a_vs_d_40_200,scalar16,direct,unverifiable,3,4.75,15.80107,17.05279,1,0,0.09,0.09,0.045,0,2.901829,0.674979
queued_8,cost_only,eval_155,WAN,1,wan_ad_scalar16,WAN A/D scalar16,t4strict_pair_a_vs_d_40_200,scalar16,direct,unverifiable,3,4.75,17.05279,18.3055,1,0,0.09,0.09,0.045,0,2.901829,0.649944
queued_8,cost_only,eval_156,WAN,1,wan_ad_scalar16,WAN A/D scalar16,t4strict_pair_a_vs_d_40_200,scalar16,direct,unverifiable,3,4.75,18.3055,19.55425,1,0,0.09,0.09,0.045,0,2.901829,0.62489
queued_8,cost_only,eval_157,WAN,2,wan_ad_scalar16,WAN A/D scalar16,t4strict_pair_a_vs_d_40_200,scalar16,direct,unverifiable,3,4.75,19.55425,20.82676,1,0,0.09,0.09,0.045,0,2.901829,0.599915
queued_8,cost_only,eval_158,WAN,2,wan_ad_scalar16,WAN A/D scalar16,t4strict_pair_a_vs_d_40_200,scalar16,direct,unverifiable,3,4.75,20.82676,22.09729,1,0,0.09,0.09,0.045,0,2.901829,0.574465
queued_8,cost_only,eval_159,WAN,2,wan_ad_scalar16,WAN A/D scalar16,t4strict_pair_a_vs_d_40_200,scalar16,direct,unverifiable,3,4.75,22.09729,23.36584,1,0,0.09,0.09,0.045,0,2.901829,0.549054
queued_8,cost_only,eval_160,WAN,1,wan_ad_scalar16,WAN A/D scalar16,t4strict_pair_a_vs_d_40_200,scalar16,direct,unverifiable,3,4.75,23.36584,24.61756,1,0,0.09,0.09,0.045,0,2.901829,0.523683
queued_8,cost_only,eval_161,WAN,2,wan_ad_scalar16,WAN A/D scalar16,t4strict_pair_a_vs_d_40_200,scalar16,direct,unverifiable,3,5.0,24.36756,25.62918,1,0,0.09,0.09,0.045,0,2.901829,0.503649
queued_8,cost_only,eval_162,WAN,2,wan_ad_scalar16,WAN A/D scalar16,t4strict_pair_a_vs_d_40_200,scalar16,direct,unverifiable,3,5.0,25.62918,26.89278,0,0,0.09,0.09,0.045,0,2.901829,-0.521584
queued_8,cost_only,eval_163,WAN,2,wan_ad_scalar16,WAN A/D scalar16,t4strict_pair_a_vs_d_40_200,scalar16,direct,unverifiable,3,5.0,26.89278,28.1544,1,0,0.09,0.09,0.045,0,2.901829,0.453144
queued_8,cost_only,eval_164,WAN,2,wan_ad_scalar16,WAN A/D scalar16,t4strict_pair_a_vs_d_40_200,scalar16,direct,unverifiable,3,5.0,28.1544,29.41602,0,0,0.09,0.09,0.045,0,2.901829,-0.572088
queued_8,cost_only,eval_165,WAN,2,wan_ad_scalar16,WAN A/D scalar16,t4strict_pair_a_vs_d_40_200,scalar16,direct,unverifiable,3,5.0,29.41602,30.67863,1,1,0.09,0.09,0.045,0,6.357495,0.25268
queued_8,cost_only,eval_166,WAN,1,wan_ad_scalar16,WAN A/D scalar16,t4strict_pair_a_vs_d_40_200,scalar16,direct,unverifiable,3,5.0,30.67863,31.93728,1,0,0.09,0.09,0.045,0,2.901829,0.377427
queued_8,cost_only,eval_167,WAN,3,wan_ad_scalar16,WAN A/D scalar16,t4strict_pair_a_vs_d_40_200,scalar16,direct,unverifiable,3,5.0,31.93728,33.21969,0,0,0.09,0.09,0.045,0,2.901829,-0.647746
queued_8,cost_only,eval_168,WAN,3,wan_ad_scalar16,WAN A/D scalar16,t4strict_pair_a_vs_d_40_200,scalar16,direct,unverifiable,3,5.0,33.21969,34.50012,1,0,0.09,0.09,0.045,0,2.901829,0.326606
queued_8,cost_only,eval_169,WAN,3,wan_ad_scalar16,WAN A/D scalar16,t4strict_pair_a_vs_d_40_200,scalar16,direct,unverifiable,3,5.25,34.25012,35.52857,1,0,0.09,0.09,0.045,0,2.901829,0.305998
queued_8,cost_only,eval_170,WAN,2,wan_ad_scalar16,WAN A/D scalar16,t4strict_pair_a_vs_d_40_200,scalar16,direct,unverifiable,3,5.25,35.52857,36.79019,1,0,0.09,0.09,0.045,0,2.901829,0.280429
queued_8,cost_only,eval_171,WAN,1,wan_ad_scalar16,WAN A/D scalar16,t4strict_pair_a_vs_d_40_200,scalar16,direct,unverifiable,3,5.25,36.79019,38.04884,1,0,0.09,0.09,0.045,0,2.901829,0.255196
queued_8,cost_only,eval_172,WAN,2,wan_ad_scalar16,WAN A/D scalar16,t4strict_pair_a_vs_d_40_200,scalar16,direct,unverifiable,3,5.25,38.04884,39.30947,1,0,0.09,0.09,0.045,0,2.901829,0.230023
queued_8,cost_only,eval_173,WAN,1,wan_ad_scalar16,WAN A/D scalar16,t4strict_pair_a_vs_d_40_200,scalar16,direct,unverifiable,3,5.25,39.30947,40.56812,1,0,0.09,0.09,0.045,0,2.901829,0.204811
queued_8,cost_only,eval_174,WAN,1,wan_ad_scalar16,WAN A/D scalar16,t4strict_pair_a_vs_d_40_200,scalar16,direct,unverifiable,3,5.25,40.56812,41.82677,1,0,0.09,0.09,0.045,0,2.901829,0.179638
queued_8,cost_only,eval_175,WAN,2,wan_ad_scalar16,WAN A/D scalar16,t4strict_pair_a_vs_d_40_200,scalar16,direct,unverifiable,3,5.25,41.82677,43.08641,1,0,0.09,0.09,0.045,0,2.901829,0.154465
queued_8,cost_only,eval_176,WAN,1,wan_ad_scalar16,WAN A/D scalar16,t4strict_pair_a_vs_d_40_200,scalar16,direct,unverifiable,3,5.25,43.08641,44.34209,1,0,0.09,0.09,0.045,0,2.901829,0.129272
queued_8,cost_only,eval_177,WAN,3,wan_ad_scalar16,WAN A/D scalar16,t4strict_pair_a_vs_d_40_200,scalar16,direct,unverifiable,3,5.5,44.09209,45.37153,1,0,0.09,0.09,0.045,0,2.901829,0.109158
queued_8,cost_only,eval_178,WAN,3,wan_ad_scalar16,WAN A/D scalar16,t4strict_pair_a_vs_d_40_200,scalar16,direct,unverifiable,3,5.5,45.37153,46.64899,1,1,0.09,0.09,0.045,0,6.357495,-0.066431
queued_8,cost_only,eval_179,WAN,3,wan_ad_scalar16,WAN A/D scalar16,t4strict_pair_a_vs_d_40_200,scalar16,direct,unverifiable,3,5.5,46.64899,47.92447,0,0,0.09,0.09,0.045,0,2.901829,-0.94198
queued_8,cost_only,eval_180,WAN,1,wan_ad_scalar16,WAN A/D scalar16,t4strict_pair_a_vs_d_40_200,scalar16,direct,unverifiable,3,5.5,47.92447,49.18312,1,0,0.09,0.09,0.045,0,2.901829,0.032511
queued_8,cost_only,eval_181,WAN,2,wan_ad_scalar16,WAN A/D scalar16,t4strict_pair_a_vs_d_40_200,scalar16,direct,unverifiable,3,5.5,49.18312,50.45068,1,0,0.09,0.09,0.045,0,2.901829,0.007338
queued_8,cost_only,eval_182,WAN,2,wan_ad_scalar16,WAN A/D scalar16,t4strict_pair_a_vs_d_40_200,scalar16,direct,unverifiable,3,5.5,50.45068,51.72022,1,0,0.09,0.09,0.045,0,2.901829,-0.018014
queued_8,cost_only,eval_183,WAN,2,wan_ad_scalar16,WAN A/D scalar16,t4strict_pair_a_vs_d_40_200,scalar16,direct,unverifiable,3,5.5,51.72022,52.98778,1,0,0.09,0.09,0.045,0,2.901829,-0.043404
queued_8,cost_only,eval_184,WAN,2,wan_ad_scalar16,WAN A/D scalar16,t4strict_pair_a_vs_d_40_200,scalar16,direct,unverifiable,3,5.5,52.98778,54.25534,1,0,0.09,0.09,0.045,0,2.901829,-0.068756
queued_8,cost_only,eval_185,WAN,2,wan_ad_scalar16,WAN A/D scalar16,t4strict_pair_a_vs_d_40_200,scalar16,direct,unverifiable,3,5.75,54.00534,55.27389,1,0,0.09,0.09,0.045,0,2.901829,-0.089107
queued_8,cost_only,eval_186,WAN,2,wan_ad_scalar16,WAN A/D scalar16,t4strict_pair_a_vs_d_40_200,scalar16,direct,unverifiable,3,5.75,55.27389,56.53848,1,0,0.09,0.09,0.045,0,2.901829,-0.114478
queued_8,cost_only,eval_187,WAN,3,wan_ad_scalar16,WAN A/D scalar16,t4strict_pair_a_vs_d_40_200,scalar16,direct,unverifiable,3,5.75,56.53848,57.82683,1,0,0.09,0.09,0.045,0,2.901829,-0.13977
queued_8,cost_only,eval_188,WAN,3,wan_ad_scalar16,WAN A/D scalar16,t4strict_pair_a_vs_d_40_200,scalar16,direct,unverifiable,3,5.75,57.82683,59.1132,1,1,0.09,0.09,0.045,0,6.357495,-0.315537
queued_8,cost_only,eval_189,WAN,3,wan_ad_scalar16,WAN A/D scalar16,t4strict_pair_a_vs_d_40_200,scalar16,direct,unverifiable,3,5.75,59.1132,60.39759,1,0,0.09,0.09,0.045,0,2.901829,-0.191264
queued_8,cost_only,eval_190,WAN,2,wan_ad_scalar16,WAN A/D scalar16,t4strict_pair_a_vs_d_40_200,scalar16,direct,unverifiable,3,5.75,60.39759,61.66515,1,0,0.09,0.09,0.045,0,2.901829,-0.216952
queued_8,cost_only,eval_191,WAN,2,wan_ad_scalar16,WAN A/D scalar16,t4strict_pair_a_vs_d_40_200,scalar16,direct,unverifiable,3,5.75,61.66515,62.93271,1,0,0.09,0.09,0.045,0,2.901829,-0.242303
queued_8,cost_only,eval_192,WAN,2,wan_ad_scalar16,WAN A/D scalar16,t4strict_pair_a_vs_d_40_200,scalar16,direct,unverifiable,3,5.75,62.93271,64.20225,1,0,0.09,0.09,0.045,0,2.901829,-0.267654
queued_8,cost_only,eval_193,WAN,2,wan_ad_scalar16,WAN A/D scalar16,t4strict_pair_a_vs_d_40_200,scalar16,direct,unverifiable,3,6.0,63.95225,65.21981,1,0,0.09,0.09,0.045,0,2.901829,-0.288045
queued_8,cost_only,eval_194,WAN,2,wan_ad_scalar16,WAN A/D scalar16,t4strict_pair_a_vs_d_40_200,scalar16,direct,unverifiable,3,6.0,65.21981,66.48737,1,0,0.09,0.09,0.045,0,2.901829,-0.313396
queued_8,cost_only,eval_195,WAN,2,wan_ad_scalar16,WAN A/D scalar16,t4strict_pair_a_vs_d_40_200,scalar16,direct,unverifiable,3,6.0,66.48737,67.75592,1,1,0.09,0.09,0.045,0,6.357495,-0.488747
queued_8,cost_only,eval_196,WAN,2,wan_ad_scalar16,WAN A/D scalar16,t4strict_pair_a_vs_d_40_200,scalar16,direct,unverifiable,3,6.0,67.75592,69.02051,1,0,0.09,0.09,0.045,0,2.901829,-0.364118
queued_8,cost_only,eval_197,WAN,3,wan_ad_scalar16,WAN A/D scalar16,t4strict_pair_a_vs_d_40_200,scalar16,direct,unverifiable,3,6.0,69.02051,70.30886,1,0,0.09,0.09,0.045,0,2.901829,-0.38941
queued_8,cost_only,eval_198,WAN,3,wan_ad_scalar16,WAN A/D scalar16,t4strict_pair_a_vs_d_40_200,scalar16,direct,unverifiable,3,6.0,70.30886,71.59523,1,0,0.09,0.09,0.045,0,2.901829,-0.415177
queued_8,cost_only,eval_199,WAN,3,wan_ad_scalar16,WAN A/D scalar16,t4strict_pair_a_vs_d_40_200,scalar16,direct,unverifiable,3,6.0,71.59523,72.87962,1,0,0.09,0.09,0.045,0,2.901829,-0.440905
queued_8,cost_only,eval_200,WAN,2,wan_ad_scalar16,WAN A/D scalar16,t4strict_pair_a_vs_d_40_200,scalar16,direct,unverifiable,3,6.0,72.87962,74.14718,1,0,0.09,0.09,0.045,0,2.901829,-0.466592
queued_8,reputation_aware,eval_001,LAN,3,lan_ab_scalar16,LAN A/B scalar16,t4strict_pair_a_vs_b_40_200,scalar16,direct,unverifiable,3,0.0,0.0,1.05564,1,0,0.15,0.15,0.195,0,2.340788,0.985
queued_8,reputation_aware,eval_002,LAN,3,lan_ab_scalar16,LAN A/B scalar16,t4strict_pair_a_vs_b_40_200,scalar16,direct,unverifiable,3,0.0,1.05564,2.11322,1,0,0.15,0.15,0.195,0,2.340788,0.963887
queued_8,reputation_aware,eval_003,LAN,3,lan_ab_scalar16,LAN A/B scalar16,t4strict_pair_a_vs_b_40_200,scalar16,direct,unverifiable,3,0.0,2.11322,3.16886,1,0,0.15,0.15,0.195,0,2.340788,0.942736
queued_8,reputation_aware,eval_004,LAN,3,lan_ab_scalar16,LAN A/B scalar16,t4strict_pair_a_vs_b_40_200,scalar16,direct,unverifiable,3,0.0,3.16886,4.2245,1,0,0.15,0.15,0.195,0,2.340788,0.921623
queued_8,reputation_aware,eval_005,LAN,3,lan_ab_scalar16,LAN A/B scalar16,t4strict_pair_a_vs_b_40_200,scalar16,direct,unverifiable,3,0.0,4.2245,5.28111,1,0,0.15,0.15,0.195,0,2.340788,0.90051
queued_8,reputation_aware,eval_006,LAN,2,lan_single_homo_scalar16,LAN single-node homo scalar16,single_homo,scalar16,direct,low-risk,1,0.0,0.0,0.85331,1,0,0.0,0.0,1.0,1,2.634826,1.0
queued_8,reputation_aware,eval_007,LAN,3,lan_ab_scalar16,LAN A/B scalar16,t4strict_pair_a_vs_b_40_200,scalar16,direct,unverifiable,3,0.0,5.28111,6.35712,1,0,0.15,0.15,0.195,0,2.340788,0.879378
queued_8,reputation_aware,eval_008,LAN,3,lan_ab_scalar16,LAN A/B scalar16,t4strict_pair_a_vs_b_40_200,scalar16,direct,unverifiable,3,0.0,6.35712,7.43119,1,1,0.15,0.15,0.195,0,5.796454,0.707858
queued_8,reputation_aware,eval_009,LAN,3,lan_ab_scalar16,LAN A/B scalar16,t4strict_pair_a_vs_b_40_200,scalar16,direct,unverifiable,3,0.25,7.18119,8.25332,1,0,0.15,0.15,0.195,0,2.340788,0.841376
queued_8,reputation_aware,eval_010,LAN,3,lan_ab_scalar16,LAN A/B scalar16,t4strict_pair_a_vs_b_40_200,scalar16,direct,unverifiable,3,0.25,8.25332,9.30896,1,0,0.15,0.15,0.195,0,2.340788,0.819934
queued_8,reputation_aware,eval_011,LAN,1,lan_single_homo_scalar16,LAN single-node homo scalar16,single_homo,scalar16,direct,low-risk,1,0.25,0.60331,1.44318,1,0,0.0,0.0,1.0,1,2.634826,0.987934
queued_8,reputation_aware,eval_012,LAN,1,lan_single_homo_scalar16,LAN single-node homo scalar16,single_homo,scalar16,direct,low-risk,1,0.25,1.44318,2.28473,1,0,0.0,0.0,1.0,1,2.634826,0.971136
queued_8,reputation_aware,eval_013,LAN,1,lan_single_homo_scalar16,LAN single-node homo scalar16,single_homo,scalar16,direct,low-risk,1,0.25,2.28473,3.1246,1,0,0.0,0.0,1.0,1,2.634826,0.954305
queued_8,reputation_aware,eval_014,LAN,1,lan_single_homo_scalar16,LAN single-node homo scalar16,single_homo,scalar16,direct,low-risk,1,0.25,3.1246,3.96447,1,0,0.0,0.0,1.0,1,2.634826,0.937508
queued_8,reputation_aware,eval_015,LAN,1,lan_single_homo_scalar16,LAN single-node homo scalar16,single_homo,scalar16,direct,low-risk,1,0.25,3.96447,4.80518,1,0,0.0,0.0,1.0,1,2.634826,0.920711
queued_8,reputation_aware,eval_016,LAN,1,lan_single_homo_scalar16,LAN single-node homo scalar16,single_homo,scalar16,direct,low-risk,1,0.25,4.80518,5.64253,1,0,0.0,0.0,1.0,1,2.634826,0.903896
queued_8,reputation_aware,eval_017,LAN,3,lan_ab_scalar16,LAN A/B scalar16,t4strict_pair_a_vs_b_40_200,scalar16,direct,unverifiable,3,0.5,9.05896,10.11654,1,0,0.15,0.15,0.195,0,2.340788,0.803821
queued_8,reputation_aware,eval_018,LAN,3,lan_ab_scalar16,LAN A/B scalar16,t4strict_pair_a_vs_b_40_200,scalar16,direct,unverifiable,3,0.5,10.11654,11.17218,1,1,0.15,0.15,0.195,0,5.796454,0.632669
queued_8,reputation_aware,eval_019,LAN,2,lan_single_homo_scalar16,LAN single-node homo scalar16,single_homo,scalar16,direct,low-risk,1,0.5,5.39253,6.24668,1,0,0.0,0.0,1.0,1,2.634826,0.892149
queued_8,reputation_aware,eval_020,LAN,1,lan_single_homo_scalar16,LAN single-node homo scalar16,single_homo,scalar16,direct,low-risk,1,0.5,6.24668,7.08655,1,0,0.0,0.0,1.0,1,2.634826,0.875066
queued_8,reputation_aware,eval_021,LAN,1,lan_single_homo_scalar16,LAN single-node homo scalar16,single_homo,scalar16,direct,low-risk,1,0.5,7.08655,7.91886,1,0,0.0,0.0,1.0,1,2.634826,0.858269
queued_8,reputation_aware,eval_022,LAN,1,lan_single_homo_scalar16,LAN single-node homo scalar16,single_homo,scalar16,direct,low-risk,1,0.5,7.91886,8.75285,1,0,0.0,0.0,1.0,1,2.634826,0.841623
queued_8,reputation_aware,eval_023,LAN,1,lan_single_homo_scalar16,LAN single-node homo scalar16,single_homo,scalar16,direct,low-risk,1,0.5,8.75285,9.58516,1,0,0.0,0.0,1.0,1,2.634826,0.824943
queued_8,reputation_aware,eval_024,LAN,1,lan_single_homo_scalar16,LAN single-node homo scalar16,single_homo,scalar16,direct,low-risk,1,0.5,9.58516,10.41747,1,0,0.0,0.0,1.0,1,2.634826,0.808297
queued_8,reputation_aware,eval_025,LAN,1,lan_single_homo_scalar16,LAN single-node homo scalar16,single_homo,scalar16,direct,low-risk,1,0.75,10.16747,11.00062,1,0,0.0,0.0,1.0,1,2.634826,0.796651
queued_8,reputation_aware,eval_026,LAN,1,lan_single_homo_scalar16,LAN single-node homo scalar16,single_homo,scalar16,direct,low-risk,1,0.75,11.00062,11.83041,1,0,0.0,0.0,1.0,1,2.634826,0.779988
queued_8,reputation_aware,eval_027,LAN,2,lan_single_homo_scalar16,LAN single-node homo scalar16,single_homo,scalar16,direct,low-risk,1,0.75,11.83041,12.68036,1,0,0.0,0.0,1.0,1,2.634826,0.763392
queued_8,reputation_aware,eval_028,LAN,2,lan_single_homo_scalar16,LAN single-node homo scalar16,single_homo,scalar16,direct,low-risk,1,0.75,12.68036,13.52863,1,0,0.0,0.0,1.0,1,2.634826,0.746393
queued_8,reputation_aware,eval_029,LAN,2,lan_single_homo_scalar16,LAN single-node homo scalar16,single_homo,scalar16,direct,low-risk,1,0.75,13.52863,14.37522,1,0,0.0,0.0,1.0,1,2.634826,0.729427
queued_8,reputation_aware,eval_030,LAN,1,lan_single_homo_scalar16,LAN single-node homo scalar16,single_homo,scalar16,direct,low-risk,1,0.75,14.37522,15.20753,1,0,0.0,0.0,1.0,1,2.634826,0.712496
queued_8,reputation_aware,eval_031,LAN,2,lan_single_homo_scalar16,LAN single-node homo scalar16,single_homo,scalar16,direct,low-risk,1,0.75,15.20753,16.05496,0,0,0.0,0.0,1.0,1,2.634826,-0.304151
queued_8,reputation_aware,eval_032,LAN,2,lan_single_homo_scalar16,LAN single-node homo scalar16,single_homo,scalar16,direct,low-risk,1,0.75,16.05496,16.90407,1,0,0.0,0.0,1.0,1,2.634826,0.678901
queued_8,reputation_aware,eval_033,LAN,2,lan_single_homo_scalar16,LAN single-node homo scalar16,single_homo,scalar16,direct,low-risk,1,1.0,16.65407,17.5015,1,0,0.0,0.0,1.0,1,2.634826,0.666919
queued_8,reputation_aware,eval_034,LAN,2,lan_single_homo_scalar16,LAN single-node homo scalar16,single_homo,scalar16,direct,low-risk,1,1.0,17.5015,18.34893,1,0,0.0,0.0,1.0,1,2.634826,0.64997
queued_8,reputation_aware,eval_035,LAN,2,lan_single_homo_scalar16,LAN single-node homo scalar16,single_homo,scalar16,direct,low-risk,1,1.0,18.34893,19.1972,1,0,0.0,0.0,1.0,1,2.634826,0.633021
queued_8,reputation_aware,eval_036,LAN,2,lan_single_homo_scalar16,LAN single-node homo scalar16,single_homo,scalar16,direct,low-risk,1,1.0,19.1972,20.04211,1,0,0.0,0.0,1.0,1,2.634826,0.616056
queued_8,reputation_aware,eval_037,LAN,3,lan_ab_scalar16,LAN A/B scalar16,t4strict_pair_a_vs_b_40_200,scalar16,direct,unverifiable,3,1.0,10.67218,11.73849,1,0,0.15,0.15,0.195,0,2.340788,0.771556
queued_8,reputation_aware,eval_038,LAN,3,lan_ab_scalar16,LAN A/B scalar16,t4strict_pair_a_vs_b_40_200,scalar16,direct,unverifiable,3,1.0,11.73849,12.80286,1,0,0.15,0.15,0.195,0,2.340788,0.75023
queued_8,reputation_aware,eval_039,LAN,3,lan_ab_scalar16,LAN A/B scalar16,t4strict_pair_a_vs_b_40_200,scalar16,direct,unverifiable,3,1.0,12.80286,13.86529,1,0,0.15,0.15,0.195,0,2.340788,0.728943
queued_8,reputation_aware,eval_040,LAN,2,lan_single_homo_scalar16,LAN single-node homo scalar16,single_homo,scalar16,direct,low-risk,1,1.0,20.04211,20.88954,1,0,0.0,0.0,1.0,1,2.634826,0.599158
queued_8,reputation_aware,eval_041,LAN,2,lan_single_homo_scalar16,LAN single-node homo scalar16,single_homo,scalar16,direct,low-risk,1,1.25,20.63954,21.48697,0,0,0.0,0.0,1.0,1,2.634826,-0.412791
queued_8,reputation_aware,eval_042,LAN,2,lan_single_homo_scalar16,LAN single-node homo scalar16,single_homo,scalar16,direct,low-risk,1,1.25,21.48697,22.33608,0,0,0.0,0.0,1.0,1,2.634826,-0.429739
queued_8,reputation_aware,eval_043,LAN,2,lan_single_homo_scalar16,LAN single-node homo scalar16,single_homo,scalar16,direct,low-risk,1,1.25,22.33608,23.18351,1,0,0.0,0.0,1.0,1,2.634826,0.553278
queued_8,reputation_aware,eval_044,LAN,2,lan_single_homo_scalar16,LAN single-node homo scalar16,single_homo,scalar16,direct,low-risk,1,1.25,23.18351,24.03094,1,0,0.0,0.0,1.0,1,2.634826,0.53633
queued_8,reputation_aware,eval_045,LAN,2,lan_single_homo_scalar16,LAN single-node homo scalar16,single_homo,scalar16,direct,low-risk,1,1.25,24.03094,24.87921,1,0,0.0,0.0,1.0,1,2.634826,0.519381
queued_8,reputation_aware,eval_046,LAN,2,lan_single_homo_scalar16,LAN single-node homo scalar16,single_homo,scalar16,direct,low-risk,1,1.25,24.87921,25.72412,1,0,0.0,0.0,1.0,1,2.634826,0.502416
queued_8,reputation_aware,eval_047,LAN,3,lan_ab_scalar16,LAN A/B scalar16,t4strict_pair_a_vs_b_40_200,scalar16,direct,unverifiable,3,1.25,13.61529,14.6816,1,0,0.15,0.15,0.195,0,2.340788,0.712694
queued_8,reputation_aware,eval_048,LAN,3,lan_ab_scalar16,LAN A/B scalar16,t4strict_pair_a_vs_b_40_200,scalar16,direct,unverifiable,3,1.25,14.6816,15.74597,1,0,0.15,0.15,0.195,0,2.340788,0.691368
queued_8,reputation_aware,eval_049,LAN,3,lan_ab_scalar16,LAN A/B scalar16,t4strict_pair_a_vs_b_40_200,scalar16,direct,unverifiable,3,1.5,15.49597,16.5584,1,0,0.15,0.15,0.195,0,2.340788,0.675081
queued_8,reputation_aware,eval_050,LAN,2,lan_single_homo_scalar16,LAN single-node homo scalar16,single_homo,scalar16,direct,low-risk,1,1.5,25.47412,26.32155,0,0,0.0,0.0,1.0,1,2.634826,-0.509482
queued_8,reputation_aware,eval_051,LAN,3,lan_ab_scalar16,LAN A/B scalar16,t4strict_pair_a_vs_b_40_200,scalar16,direct,unverifiable,3,1.5,16.5584,17.61501,1,1,0.15,0.15,0.195,0,5.796454,0.503832
queued_8,reputation_aware,eval_052,LAN,3,lan_ab_scalar16,LAN A/B scalar16,t4strict_pair_a_vs_b_40_200,scalar16,direct,unverifiable,3,1.5,17.61501,18.67356,1,0,0.15,0.15,0.195,0,2.340788,0.6327
queued_8,reputation_aware,eval_053,LAN,3,lan_ab_scalar16,LAN A/B scalar16,t4strict_pair_a_vs_b_40_200,scalar16,direct,unverifiable,3,1.5,18.67356,19.73017,1,0,0.15,0.15,0.195,0,2.340788,0.611529
queued_8,reputation_aware,eval_054,LAN,3,lan_ab_scalar16,LAN A/B scalar16,t4strict_pair_a_vs_b_40_200,scalar16,direct,unverifiable,3,1.5,19.73017,20.78678,1,0,0.15,0.15,0.195,0,2.340788,0.590397
queued_8,reputation_aware,eval_055,LAN,3,lan_ab_scalar16,LAN A/B scalar16,t4strict_pair_a_vs_b_40_200,scalar16,direct,unverifiable,3,1.5,20.78678,21.84436,1,0,0.15,0.15,0.195,0,2.340788,0.569264
queued_8,reputation_aware,eval_056,LAN,2,lan_single_homo_scalar16,LAN single-node homo scalar16,single_homo,scalar16,direct,low-risk,1,1.5,26.32155,27.1757,1,0,0.0,0.0,1.0,1,2.634826,0.473569
queued_8,reputation_aware,eval_057,LAN,3,lan_ab_scalar16,LAN A/B scalar16,t4strict_pair_a_vs_b_40_200,scalar16,direct,unverifiable,3,1.75,21.59436,22.67134,1,0,0.15,0.15,0.195,0,2.340788,0.553113
queued_8,reputation_aware,eval_058,LAN,3,lan_ab_scalar16,LAN A/B scalar16,t4strict_pair_a_vs_b_40_200,scalar16,direct,unverifiable,3,1.75,22.67134,23.74638,1,0,0.15,0.15,0.195,0,2.340788,0.531573
queued_8,reputation_aware,eval_059,LAN,3,lan_ab_scalar16,LAN A/B scalar16,t4strict_pair_a_vs_b_40_200,scalar16,direct,unverifiable,3,1.75,23.74638,24.81948,1,0,0.15,0.15,0.195,0,2.340788,0.510072
queued_8,reputation_aware,eval_060,LAN,3,lan_ab_scalar16,LAN A/B scalar16,t4strict_pair_a_vs_b_40_200,scalar16,direct,unverifiable,3,1.75,24.81948,25.87609,1,0,0.15,0.15,0.195,0,2.340788,0.48861
queued_8,reputation_aware,eval_061,LAN,1,lan_single_homo_scalar16,LAN single-node homo scalar16,single_homo,scalar16,direct,low-risk,1,1.75,26.9257,27.75801,1,0,0.0,0.0,1.0,1,2.634826,0.461486
queued_8,reputation_aware,eval_062,LAN,1,lan_single_homo_scalar16,LAN single-node homo scalar16,single_homo,scalar16,direct,low-risk,1,1.75,27.75801,28.592,1,0,0.0,0.0,1.0,1,2.634826,0.44484
queued_8,reputation_aware,eval_063,LAN,1,lan_single_homo_scalar16,LAN single-node homo scalar16,single_homo,scalar16,direct,low-risk,1,1.75,28.592,29.42431,1,0,0.0,0.0,1.0,1,2.634826,0.42816
queued_8,reputation_aware,eval_064,LAN,1,lan_single_homo_scalar16,LAN single-node homo scalar16,single_homo,scalar16,direct,low-risk,1,1.75,29.42431,30.25662,1,0,0.0,0.0,1.0,1,2.634826,0.411514
queued_8,reputation_aware,eval_065,LAN,1,lan_single_homo_scalar16,LAN single-node homo scalar16,single_homo,scalar16,direct,low-risk,1,2.0,30.00662,30.83977,1,0,0.0,0.0,1.0,1,2.634826,0.399868
queued_8,reputation_aware,eval_066,LAN,1,lan_single_homo_scalar16,LAN single-node homo scalar16,single_homo,scalar16,direct,low-risk,1,2.0,30.83977,31.66956,1,0,0.0,0.0,1.0,1,2.634826,0.383205
queued_8,reputation_aware,eval_067,LAN,2,lan_single_homo_scalar16,LAN single-node homo scalar16,single_homo,scalar16,direct,low-risk,1,2.0,31.66956,32.51951,1,0,0.0,0.0,1.0,1,2.634826,0.366609
queued_8,reputation_aware,eval_068,LAN,2,lan_single_homo_scalar16,LAN single-node homo scalar16,single_homo,scalar16,direct,low-risk,1,2.0,32.51951,33.36778,0,0,0.0,0.0,1.0,1,2.634826,-0.65039
queued_8,reputation_aware,eval_069,LAN,2,lan_single_homo_scalar16,LAN single-node homo scalar16,single_homo,scalar16,direct,low-risk,1,2.0,33.36778,34.21437,1,0,0.0,0.0,1.0,1,2.634826,0.332644
queued_8,reputation_aware,eval_070,LAN,1,lan_single_homo_scalar16,LAN single-node homo scalar16,single_homo,scalar16,direct,low-risk,1,2.0,34.21437,35.04668,1,0,0.0,0.0,1.0,1,2.634826,0.315713
queued_8,reputation_aware,eval_071,LAN,1,lan_single_homo_scalar16,LAN single-node homo scalar16,single_homo,scalar16,direct,low-risk,1,2.0,35.04668,35.87983,1,0,0.0,0.0,1.0,1,2.634826,0.299066
queued_8,reputation_aware,eval_072,LAN,1,lan_single_homo_scalar16,LAN single-node homo scalar16,single_homo,scalar16,direct,low-risk,1,2.0,35.87983,36.71466,1,0,0.0,0.0,1.0,1,2.634826,0.282403
queued_8,reputation_aware,eval_073,LAN,1,lan_single_homo_scalar16,LAN single-node homo scalar16,single_homo,scalar16,direct,low-risk,1,2.25,36.46466,37.29781,0,0,0.0,0.0,1.0,1,2.634826,-0.729293
queued_8,reputation_aware,eval_074,LAN,1,lan_single_homo_scalar16,LAN single-node homo scalar16,single_homo,scalar16,direct,low-risk,1,2.25,37.29781,38.13096,1,0,0.0,0.0,1.0,1,2.634826,0.254044
queued_8,reputation_aware,eval_075,LAN,1,lan_single_homo_scalar16,LAN single-node homo scalar16,single_homo,scalar16,direct,low-risk,1,2.25,38.13096,38.96495,1,0,0.0,0.0,1.0,1,2.634826,0.237381
queued_8,reputation_aware,eval_076,LAN,1,lan_single_homo_scalar16,LAN single-node homo scalar16,single_homo,scalar16,direct,low-risk,1,2.25,38.96495,39.79558,1,0,0.0,0.0,1.0,1,2.634826,0.220701
queued_8,reputation_aware,eval_077,LAN,2,lan_single_homo_scalar16,LAN single-node homo scalar16,single_homo,scalar16,direct,low-risk,1,2.25,39.79558,40.64637,1,0,0.0,0.0,1.0,1,2.634826,0.204088
queued_8,reputation_aware,eval_078,LAN,2,lan_single_homo_scalar16,LAN single-node homo scalar16,single_homo,scalar16,direct,low-risk,1,2.25,40.64637,41.49548,1,0,0.0,0.0,1.0,1,2.634826,0.187073
queued_8,reputation_aware,eval_079,LAN,2,lan_single_homo_scalar16,LAN single-node homo scalar16,single_homo,scalar16,direct,low-risk,1,2.25,41.49548,42.34291,1,0,0.0,0.0,1.0,1,2.634826,0.17009
queued_8,reputation_aware,eval_080,LAN,1,lan_single_homo_scalar16,LAN single-node homo scalar16,single_homo,scalar16,direct,low-risk,1,2.25,42.34291,43.17606,1,0,0.0,0.0,1.0,1,2.634826,0.153142
queued_8,reputation_aware,eval_081,LAN,1,lan_single_homo_scalar16,LAN single-node homo scalar16,single_homo,scalar16,direct,low-risk,1,2.5,42.92606,43.76593,1,0,0.0,0.0,1.0,1,2.634826,0.141479
queued_8,reputation_aware,eval_082,LAN,1,lan_single_homo_scalar16,LAN single-node homo scalar16,single_homo,scalar16,direct,low-risk,1,2.5,43.76593,44.60748,1,0,0.0,0.0,1.0,1,2.634826,0.124681
queued_8,reputation_aware,eval_083,LAN,1,lan_single_homo_scalar16,LAN single-node homo scalar16,single_homo,scalar16,direct,low-risk,1,2.5,44.60748,45.44735,1,0,0.0,0.0,1.0,1,2.634826,0.10785
queued_8,reputation_aware,eval_084,LAN,1,lan_single_homo_scalar16,LAN single-node homo scalar16,single_homo,scalar16,direct,low-risk,1,2.5,45.44735,46.28722,1,0,0.0,0.0,1.0,1,2.634826,0.091053
queued_8,reputation_aware,eval_085,LAN,1,lan_single_homo_scalar16,LAN single-node homo scalar16,single_homo,scalar16,direct,low-risk,1,2.5,46.28722,47.12793,1,0,0.0,0.0,1.0,1,2.634826,0.074256
queued_8,reputation_aware,eval_086,LAN,1,lan_single_homo_scalar16,LAN single-node homo scalar16,single_homo,scalar16,direct,low-risk,1,2.5,47.12793,47.96528,1,0,0.0,0.0,1.0,1,2.634826,0.057441
queued_8,reputation_aware,eval_087,LAN,3,lan_ab_scalar16,LAN A/B scalar16,t4strict_pair_a_vs_b_40_200,scalar16,direct,unverifiable,3,2.5,25.12609,26.18367,1,0,0.15,0.15,0.195,0,2.340788,0.482478
queued_8,reputation_aware,eval_088,LAN,3,lan_ab_scalar16,LAN A/B scalar16,t4strict_pair_a_vs_b_40_200,scalar16,direct,unverifiable,3,2.5,26.18367,27.23931,1,0,0.15,0.15,0.195,0,2.340788,0.461327
queued_8,reputation_aware,eval_089,LAN,2,lan_single_homo_scalar16,LAN single-node homo scalar16,single_homo,scalar16,direct,low-risk,1,2.75,47.71528,48.56943,1,0,0.0,0.0,1.0,1,2.634826,0.045694
queued_8,reputation_aware,eval_090,LAN,1,lan_single_homo_scalar16,LAN single-node homo scalar16,single_homo,scalar16,direct,low-risk,1,2.75,48.56943,49.4093,1,0,0.0,0.0,1.0,1,2.634826,0.028611
queued_8,reputation_aware,eval_091,LAN,1,lan_single_homo_scalar16,LAN single-node homo scalar16,single_homo,scalar16,direct,low-risk,1,2.75,49.4093,50.25085,1,0,0.0,0.0,1.0,1,2.634826,0.011814
queued_8,reputation_aware,eval_092,LAN,2,lan_single_homo_scalar16,LAN single-node homo scalar16,single_homo,scalar16,direct,low-risk,1,2.75,50.25085,51.09408,1,0,0.0,0.0,1.0,1,2.634826,-0.005017
queued_8,reputation_aware,eval_093,LAN,1,lan_single_homo_scalar16,LAN single-node homo scalar16,single_homo,scalar16,direct,low-risk,1,2.75,51.09408,51.93563,1,0,0.0,0.0,1.0,1,2.634826,-0.021882
queued_8,reputation_aware,eval_094,LAN,1,lan_single_homo_scalar16,LAN single-node homo scalar16,single_homo,scalar16,direct,low-risk,1,2.75,51.93563,52.77718,1,0,0.0,0.0,1.0,1,2.634826,-0.038713
queued_8,reputation_aware,eval_095,LAN,2,lan_single_homo_scalar16,LAN single-node homo scalar16,single_homo,scalar16,direct,low-risk,1,2.75,52.77718,53.61957,1,0,0.0,0.0,1.0,1,2.634826,-0.055544
queued_8,reputation_aware,eval_096,LAN,1,lan_single_homo_scalar16,LAN single-node homo scalar16,single_homo,scalar16,direct,low-risk,1,2.75,53.61957,54.4586,1,0,0.0,0.0,1.0,1,2.634826,-0.072391
queued_8,reputation_aware,eval_097,LAN,3,lan_ab_scalar16,LAN A/B scalar16,t4strict_pair_a_vs_b_40_200,scalar16,direct,unverifiable,3,3.0,26.73931,27.79883,1,0,0.15,0.15,0.195,0,2.340788,0.450214
queued_8,reputation_aware,eval_098,LAN,3,lan_ab_scalar16,LAN A/B scalar16,t4strict_pair_a_vs_b_40_200,scalar16,direct,unverifiable,3,3.0,27.79883,28.85641,1,0,0.15,0.15,0.195,0,2.340788,0.429023
queued_8,reputation_aware,eval_099,LAN,3,lan_ab_scalar16,LAN A/B scalar16,t4strict_pair_a_vs_b_40_200,scalar16,direct,unverifiable,3,3.0,28.85641,29.91205,1,0,0.15,0.15,0.195,0,2.340788,0.407872
queued_8,reputation_aware,eval_100,LAN,1,lan_single_homo_scalar16,LAN single-node homo scalar16,single_homo,scalar16,direct,low-risk,1,3.0,54.2086,55.05015,1,0,0.0,0.0,1.0,1,2.634826,-0.084172
queued_8,reputation_aware,eval_101,LAN,1,lan_single_homo_scalar16,LAN single-node homo scalar16,single_homo,scalar16,direct,low-risk,1,3.0,55.05015,55.88414,1,0,0.0,0.0,1.0,1,2.634826,-0.101003
queued_8,reputation_aware,eval_102,LAN,1,lan_single_homo_scalar16,LAN single-node homo scalar16,single_homo,scalar16,direct,low-risk,1,3.0,55.88414,56.71981,1,0,0.0,0.0,1.0,1,2.634826,-0.117683
queued_8,reputation_aware,eval_103,LAN,1,lan_single_homo_scalar16,LAN single-node homo scalar16,single_homo,scalar16,direct,low-risk,1,3.0,56.71981,57.5538,1,0,0.0,0.0,1.0,1,2.634826,-0.134396
queued_8,reputation_aware,eval_104,LAN,1,lan_single_homo_scalar16,LAN single-node homo scalar16,single_homo,scalar16,direct,low-risk,1,3.0,57.5538,58.38779,1,0,0.0,0.0,1.0,1,2.634826,-0.151076
queued_8,reputation_aware,eval_105,LAN,1,lan_single_homo_scalar16,LAN single-node homo scalar16,single_homo,scalar16,direct,low-risk,1,3.25,58.13779,58.97262,1,0,0.0,0.0,1.0,1,2.634826,-0.162756
queued_8,reputation_aware,eval_106,LAN,1,lan_single_homo_scalar16,LAN single-node homo scalar16,single_homo,scalar16,direct,low-risk,1,3.25,58.97262,59.80409,1,0,0.0,0.0,1.0,1,2.634826,-0.179452
queued_8,reputation_aware,eval_107,LAN,2,lan_single_homo_scalar16,LAN single-node homo scalar16,single_homo,scalar16,direct,low-risk,1,3.25,59.80409,60.65572,1,0,0.0,0.0,1.0,1,2.634826,-0.196082
queued_8,reputation_aware,eval_108,LAN,2,lan_single_homo_scalar16,LAN single-node homo scalar16,single_homo,scalar16,direct,low-risk,1,3.25,60.65572,61.50567,1,0,0.0,0.0,1.0,1,2.634826,-0.213114
queued_8,reputation_aware,eval_109,LAN,2,lan_single_homo_scalar16,LAN single-node homo scalar16,single_homo,scalar16,direct,low-risk,1,3.25,61.50567,62.35394,1,0,0.0,0.0,1.0,1,2.634826,-0.230113
queued_8,reputation_aware,eval_110,LAN,1,lan_single_homo_scalar16,LAN single-node homo scalar16,single_homo,scalar16,direct,low-risk,1,3.25,62.35394,63.18793,1,0,0.0,0.0,1.0,1,2.634826,-0.247079
queued_8,reputation_aware,eval_111,LAN,1,lan_single_homo_scalar16,LAN single-node homo scalar16,single_homo,scalar16,direct,low-risk,1,3.25,63.18793,64.02276,1,0,0.0,0.0,1.0,1,2.634826,-0.263759
queued_8,reputation_aware,eval_112,LAN,1,lan_single_homo_scalar16,LAN single-node homo scalar16,single_homo,scalar16,direct,low-risk,1,3.25,64.02276,64.85927,1,0,0.0,0.0,1.0,1,2.634826,-0.280455
queued_8,reputation_aware,eval_113,LAN,1,lan_single_homo_scalar16,LAN single-node homo scalar16,single_homo,scalar16,direct,low-risk,1,3.5,64.60927,65.4441,1,0,0.0,0.0,1.0,1,2.634826,-0.292185
queued_8,reputation_aware,eval_114,LAN,1,lan_single_homo_scalar16,LAN single-node homo scalar16,single_homo,scalar16,direct,low-risk,1,3.5,65.4441,66.27893,1,0,0.0,0.0,1.0,1,2.634826,-0.308882
queued_8,reputation_aware,eval_115,LAN,1,lan_single_homo_scalar16,LAN single-node homo scalar16,single_homo,scalar16,direct,low-risk,1,3.5,66.27893,67.1146,1,0,0.0,0.0,1.0,1,2.634826,-0.325579
queued_8,reputation_aware,eval_116,LAN,1,lan_single_homo_scalar16,LAN single-node homo scalar16,single_homo,scalar16,direct,low-risk,1,3.5,67.1146,67.94691,1,0,0.0,0.0,1.0,1,2.634826,-0.342292
queued_8,reputation_aware,eval_117,LAN,2,lan_single_homo_scalar16,LAN single-node homo scalar16,single_homo,scalar16,direct,low-risk,1,3.5,67.94691,68.79938,1,0,0.0,0.0,1.0,1,2.634826,-0.358938
queued_8,reputation_aware,eval_118,LAN,2,lan_single_homo_scalar16,LAN single-node homo scalar16,single_homo,scalar16,direct,low-risk,1,3.5,68.79938,69.65017,1,0,0.0,0.0,1.0,1,2.634826,-0.375988
queued_8,reputation_aware,eval_119,LAN,2,lan_single_homo_scalar16,LAN single-node homo scalar16,single_homo,scalar16,direct,low-risk,1,3.5,69.65017,70.49928,0,0,0.0,0.0,1.0,1,2.634826,-1.393003
queued_8,reputation_aware,eval_120,LAN,1,lan_single_homo_scalar16,LAN single-node homo scalar16,single_homo,scalar16,direct,low-risk,1,3.5,70.49928,71.33411,1,0,0.0,0.0,1.0,1,2.634826,-0.409986
queued_8,reputation_aware,eval_121,LAN,1,lan_single_homo_scalar16,LAN single-node homo scalar16,single_homo,scalar16,direct,low-risk,1,3.75,71.08411,71.92398,1,0,0.0,0.0,1.0,1,2.634826,-0.421682
queued_8,reputation_aware,eval_122,LAN,1,lan_single_homo_scalar16,LAN single-node homo scalar16,single_homo,scalar16,direct,low-risk,1,3.75,71.92398,72.76553,1,0,0.0,0.0,1.0,1,2.634826,-0.43848
queued_8,reputation_aware,eval_123,LAN,1,lan_single_homo_scalar16,LAN single-node homo scalar16,single_homo,scalar16,direct,low-risk,1,3.75,72.76553,73.6054,1,0,0.0,0.0,1.0,1,2.634826,-0.455311
queued_8,reputation_aware,eval_124,LAN,1,lan_single_homo_scalar16,LAN single-node homo scalar16,single_homo,scalar16,direct,low-risk,1,3.75,73.6054,74.44527,1,0,0.0,0.0,1.0,1,2.634826,-0.472108
queued_8,reputation_aware,eval_125,LAN,1,lan_single_homo_scalar16,LAN single-node homo scalar16,single_homo,scalar16,direct,low-risk,1,3.75,74.44527,75.28598,1,0,0.0,0.0,1.0,1,2.634826,-0.488905
queued_8,reputation_aware,eval_126,LAN,1,lan_single_homo_scalar16,LAN single-node homo scalar16,single_homo,scalar16,direct,low-risk,1,3.75,75.28598,76.12333,1,0,0.0,0.0,1.0,1,2.634826,-0.50572
queued_8,reputation_aware,eval_127,LAN,3,lan_ab_scalar16,LAN A/B scalar16,t4strict_pair_a_vs_b_40_200,scalar16,direct,unverifiable,3,3.75,29.16205,30.21963,1,0,0.15,0.15,0.195,0,2.340788,0.401759
queued_8,reputation_aware,eval_128,LAN,3,lan_ab_scalar16,LAN A/B scalar16,t4strict_pair_a_vs_b_40_200,scalar16,direct,unverifiable,3,3.75,30.21963,31.27527,1,0,0.15,0.15,0.195,0,2.340788,0.380607
queued_8,reputation_aware,eval_129,LAN,2,lan_single_homo_scalar16,LAN single-node homo scalar16,single_homo,scalar16,direct,low-risk,1,4.0,75.87333,76.72748,1,0,0.0,0.0,1.0,1,2.634826,-0.517467
queued_8,reputation_aware,eval_130,LAN,1,lan_single_homo_scalar16,LAN single-node homo scalar16,single_homo,scalar16,direct,low-risk,1,4.0,76.72748,77.56735,1,0,0.0,0.0,1.0,1,2.634826,-0.53455
queued_8,reputation_aware,eval_131,LAN,2,lan_single_homo_scalar16,LAN single-node homo scalar16,single_homo,scalar16,direct,low-risk,1,4.0,77.56735,78.41142,0,0,0.0,0.0,1.0,1,2.634826,-1.551347
queued_8,reputation_aware,eval_132,LAN,2,lan_single_homo_scalar16,LAN single-node homo scalar16,single_homo,scalar16,direct,low-risk,1,4.0,78.41142,79.25717,1,0,0.0,0.0,1.0,1,2.634826,-0.568228
queued_8,reputation_aware,eval_133,LAN,2,lan_single_homo_scalar16,LAN single-node homo scalar16,single_homo,scalar16,direct,low-risk,1,4.0,79.25717,80.10124,1,0,0.0,0.0,1.0,1,2.634826,-0.585143
queued_8,reputation_aware,eval_134,LAN,2,lan_single_homo_scalar16,LAN single-node homo scalar16,single_homo,scalar16,direct,low-risk,1,4.0,80.10124,80.94531,0,0,0.0,0.0,1.0,1,2.634826,-1.602025
queued_8,reputation_aware,eval_135,LAN,2,lan_single_homo_scalar16,LAN single-node homo scalar16,single_homo,scalar16,direct,low-risk,1,4.0,80.94531,81.79022,1,0,0.0,0.0,1.0,1,2.634826,-0.618906
queued_8,reputation_aware,eval_136,LAN,1,lan_single_homo_scalar16,LAN single-node homo scalar16,single_homo,scalar16,direct,low-risk,1,4.0,81.79022,82.63177,1,0,0.0,0.0,1.0,1,2.634826,-0.635804
queued_8,reputation_aware,eval_137,LAN,3,lan_ab_scalar16,LAN A/B scalar16,t4strict_pair_a_vs_b_40_200,scalar16,direct,unverifiable,3,4.25,30.77527,31.8377,1,1,0.15,0.15,0.195,0,5.796454,0.219495
queued_8,reputation_aware,eval_138,LAN,3,lan_ab_scalar16,LAN A/B scalar16,t4strict_pair_a_vs_b_40_200,scalar16,direct,unverifiable,3,4.25,31.8377,32.89819,1,0,0.15,0.15,0.195,0,2.340788,0.348246
queued_8,reputation_aware,eval_139,LAN,3,lan_ab_scalar16,LAN A/B scalar16,t4strict_pair_a_vs_b_40_200,scalar16,direct,unverifiable,3,4.25,32.89819,33.95674,1,0,0.15,0.15,0.195,0,2.340788,0.327036
queued_8,reputation_aware,eval_140,LAN,2,lan_single_homo_scalar16,LAN single-node homo scalar16,single_homo,scalar16,direct,low-risk,1,4.25,82.38177,83.22584,1,0,0.0,0.0,1.0,1,2.634826,-0.647635
queued_8,reputation_aware,eval_141,WAN,1,wan_ad_scalar16,WAN A/D scalar16,t4strict_pair_a_vs_d_40_200,scalar16,direct,unverifiable,3,4.25,0.0,1.24875,1,0,0.09,0.09,0.045,0,2.901829,0.991
queued_8,reputation_aware,eval_142,WAN,1,wan_ad_scalar16,WAN A/D scalar16,t4strict_pair_a_vs_d_40_200,scalar16,direct,unverifiable,3,4.25,1.24875,2.49948,1,0,0.09,0.09,0.045,0,2.901829,0.966025
queued_8,reputation_aware,eval_143,WAN,1,wan_ad_scalar16,WAN A/D scalar16,t4strict_pair_a_vs_d_40_200,scalar16,direct,unverifiable,3,4.25,2.49948,3.74823,1,0,0.09,0.09,0.045,0,2.901829,0.94101
queued_8,reputation_aware,eval_144,WAN,1,wan_ad_scalar16,WAN A/D scalar16,t4strict_pair_a_vs_d_40_200,scalar16,direct,unverifiable,3,4.25,3.74823,4.99698,1,1,0.09,0.09,0.045,0,6.357495,0.766035
queued_8,reputation_aware,eval_145,WAN,1,wan_ad_scalar16,WAN A/D scalar16,t4strict_pair_a_vs_d_40_200,scalar16,direct,unverifiable,3,4.5,4.74698,5.99672,1,0,0.09,0.09,0.045,0,2.901829,0.89606
queued_8,reputation_aware,eval_146,WAN,1,wan_ad_scalar16,WAN A/D scalar16,t4strict_pair_a_vs_d_40_200,scalar16,direct,unverifiable,3,4.5,5.99672,7.2425,1,0,0.09,0.09,0.045,0,2.901829,0.871066
queued_8,reputation_aware,eval_147,WAN,2,wan_ad_scalar16,WAN A/D scalar16,t4strict_pair_a_vs_d_40_200,scalar16,direct,unverifiable,3,4.5,7.2425,8.51204,1,0,0.09,0.09,0.045,0,2.901829,0.84615
queued_8,reputation_aware,eval_148,WAN,2,wan_ad_scalar16,WAN A/D scalar16,t4strict_pair_a_vs_d_40_200,scalar16,direct,unverifiable,3,4.5,8.51204,9.7796,1,0,0.09,0.09,0.045,0,2.901829,0.820759
queued_8,reputation_aware,eval_149,WAN,2,wan_ad_scalar16,WAN A/D scalar16,t4strict_pair_a_vs_d_40_200,scalar16,direct,unverifiable,3,4.5,9.7796,11.04518,1,0,0.09,0.09,0.045,0,2.901829,0.795408
queued_8,reputation_aware,eval_150,WAN,1,wan_ad_scalar16,WAN A/D scalar16,t4strict_pair_a_vs_d_40_200,scalar16,direct,unverifiable,3,4.5,11.04518,12.29393,1,0,0.09,0.09,0.045,0,2.901829,0.770096
queued_8,reputation_aware,eval_151,WAN,1,wan_ad_scalar16,WAN A/D scalar16,t4strict_pair_a_vs_d_40_200,scalar16,direct,unverifiable,3,4.5,12.29393,13.54565,1,0,0.09,0.09,0.045,0,2.901829,0.745121
queued_8,reputation_aware,eval_152,WAN,1,wan_ad_scalar16,WAN A/D scalar16,t4strict_pair_a_vs_d_40_200,scalar16,direct,unverifiable,3,4.5,13.54565,14.79935,1,0,0.09,0.09,0.045,0,2.901829,0.720087
queued_8,reputation_aware,eval_153,WAN,1,wan_ad_scalar16,WAN A/D scalar16,t4strict_pair_a_vs_d_40_200,scalar16,direct,unverifiable,3,4.75,14.54935,15.80107,1,0,0.09,0.09,0.045,0,2.901829,0.700013
queued_8,reputation_aware,eval_154,WAN,1,wan_ad_scalar16,WAN A/D scalar16,t4strict_pair_a_vs_d_40_200,scalar16,direct,unverifiable,3,4.75,15.80107,17.05279,1,0,0.09,0.09,0.045,0,2.901829,0.674979
queued_8,reputation_aware,eval_155,WAN,1,wan_ad_scalar16,WAN A/D scalar16,t4strict_pair_a_vs_d_40_200,scalar16,direct,unverifiable,3,4.75,17.05279,18.3055,0,0,0.09,0.09,0.045,0,2.901829,-0.350056
queued_8,reputation_aware,eval_156,WAN,1,wan_ad_scalar16,WAN A/D scalar16,t4strict_pair_a_vs_d_40_200,scalar16,direct,unverifiable,3,4.75,18.3055,19.55425,1,0,0.09,0.09,0.045,0,2.901829,0.62489
queued_8,reputation_aware,eval_157,WAN,2,wan_ad_scalar16,WAN A/D scalar16,t4strict_pair_a_vs_d_40_200,scalar16,direct,unverifiable,3,4.75,19.55425,20.82676,1,0,0.09,0.09,0.045,0,2.901829,0.599915
queued_8,reputation_aware,eval_158,WAN,2,wan_ad_scalar16,WAN A/D scalar16,t4strict_pair_a_vs_d_40_200,scalar16,direct,unverifiable,3,4.75,20.82676,22.09729,1,0,0.09,0.09,0.045,0,2.901829,0.574465
queued_8,reputation_aware,eval_159,WAN,2,wan_ad_scalar16,WAN A/D scalar16,t4strict_pair_a_vs_d_40_200,scalar16,direct,unverifiable,3,4.75,22.09729,23.36584,1,0,0.09,0.09,0.045,0,2.901829,0.549054
queued_8,reputation_aware,eval_160,WAN,1,wan_ad_scalar16,WAN A/D scalar16,t4strict_pair_a_vs_d_40_200,scalar16,direct,unverifiable,3,4.75,23.36584,24.61756,1,0,0.09,0.09,0.045,0,2.901829,0.523683
queued_8,reputation_aware,eval_161,WAN,2,wan_ad_scalar16,WAN A/D scalar16,t4strict_pair_a_vs_d_40_200,scalar16,direct,unverifiable,3,5.0,24.36756,25.62918,1,1,0.09,0.09,0.045,0,6.357495,0.353649
queued_8,reputation_aware,eval_162,WAN,2,wan_ad_scalar16,WAN A/D scalar16,t4strict_pair_a_vs_d_40_200,scalar16,direct,unverifiable,3,5.0,25.62918,26.89278,1,0,0.09,0.09,0.045,0,2.901829,0.478416
queued_8,reputation_aware,eval_163,WAN,2,wan_ad_scalar16,WAN A/D scalar16,t4strict_pair_a_vs_d_40_200,scalar16,direct,unverifiable,3,5.0,26.89278,28.1544,1,0,0.09,0.09,0.045,0,2.901829,0.453144
queued_8,reputation_aware,eval_164,WAN,2,wan_ad_scalar16,WAN A/D scalar16,t4strict_pair_a_vs_d_40_200,scalar16,direct,unverifiable,3,5.0,28.1544,29.41602,1,0,0.09,0.09,0.045,0,2.901829,0.427912
queued_8,reputation_aware,eval_165,WAN,2,wan_ad_scalar16,WAN A/D scalar16,t4strict_pair_a_vs_d_40_200,scalar16,direct,unverifiable,3,5.0,29.41602,30.67863,1,0,0.09,0.09,0.045,0,2.901829,0.40268
queued_8,reputation_aware,eval_166,WAN,1,wan_ad_scalar16,WAN A/D scalar16,t4strict_pair_a_vs_d_40_200,scalar16,direct,unverifiable,3,5.0,30.67863,31.93728,1,0,0.09,0.09,0.045,0,2.901829,0.377427
queued_8,reputation_aware,eval_167,WAN,3,wan_ad_scalar16,WAN A/D scalar16,t4strict_pair_a_vs_d_40_200,scalar16,direct,unverifiable,3,5.0,31.93728,33.21969,1,0,0.09,0.09,0.045,0,2.901829,0.352254
queued_8,reputation_aware,eval_168,WAN,3,wan_ad_scalar16,WAN A/D scalar16,t4strict_pair_a_vs_d_40_200,scalar16,direct,unverifiable,3,5.0,33.21969,34.50012,1,0,0.09,0.09,0.045,0,2.901829,0.326606
queued_8,reputation_aware,eval_169,WAN,3,wan_ad_scalar16,WAN A/D scalar16,t4strict_pair_a_vs_d_40_200,scalar16,direct,unverifiable,3,5.25,34.25012,35.52857,1,0,0.09,0.09,0.045,0,2.901829,0.305998
queued_8,reputation_aware,eval_170,WAN,2,wan_ad_scalar16,WAN A/D scalar16,t4strict_pair_a_vs_d_40_200,scalar16,direct,unverifiable,3,5.25,35.52857,36.79019,1,0,0.09,0.09,0.045,0,2.901829,0.280429
queued_8,reputation_aware,eval_171,WAN,1,wan_ad_scalar16,WAN A/D scalar16,t4strict_pair_a_vs_d_40_200,scalar16,direct,unverifiable,3,5.25,36.79019,38.04884,1,0,0.09,0.09,0.045,0,2.901829,0.255196
queued_8,reputation_aware,eval_172,WAN,2,wan_ad_scalar16,WAN A/D scalar16,t4strict_pair_a_vs_d_40_200,scalar16,direct,unverifiable,3,5.25,38.04884,39.30947,1,0,0.09,0.09,0.045,0,2.901829,0.230023
queued_8,reputation_aware,eval_173,WAN,1,wan_ad_scalar16,WAN A/D scalar16,t4strict_pair_a_vs_d_40_200,scalar16,direct,unverifiable,3,5.25,39.30947,40.56812,1,0,0.09,0.09,0.045,0,2.901829,0.204811
queued_8,reputation_aware,eval_174,WAN,1,wan_ad_scalar16,WAN A/D scalar16,t4strict_pair_a_vs_d_40_200,scalar16,direct,unverifiable,3,5.25,40.56812,41.82677,1,0,0.09,0.09,0.045,0,2.901829,0.179638
queued_8,reputation_aware,eval_175,WAN,2,wan_ad_scalar16,WAN A/D scalar16,t4strict_pair_a_vs_d_40_200,scalar16,direct,unverifiable,3,5.25,41.82677,43.08641,1,0,0.09,0.09,0.045,0,2.901829,0.154465
queued_8,reputation_aware,eval_176,WAN,1,wan_ad_scalar16,WAN A/D scalar16,t4strict_pair_a_vs_d_40_200,scalar16,direct,unverifiable,3,5.25,43.08641,44.34209,1,0,0.09,0.09,0.045,0,2.901829,0.129272
queued_8,reputation_aware,eval_177,WAN,3,wan_ad_scalar16,WAN A/D scalar16,t4strict_pair_a_vs_d_40_200,scalar16,direct,unverifiable,3,5.5,44.09209,45.37153,1,0,0.09,0.09,0.045,0,2.901829,0.109158
queued_8,reputation_aware,eval_178,WAN,3,wan_ad_scalar16,WAN A/D scalar16,t4strict_pair_a_vs_d_40_200,scalar16,direct,unverifiable,3,5.5,45.37153,46.64899,1,0,0.09,0.09,0.045,0,2.901829,0.083569
queued_8,reputation_aware,eval_179,WAN,3,wan_ad_scalar16,WAN A/D scalar16,t4strict_pair_a_vs_d_40_200,scalar16,direct,unverifiable,3,5.5,46.64899,47.92447,0,0,0.09,0.09,0.045,0,2.901829,-0.94198
queued_8,reputation_aware,eval_180,WAN,1,wan_ad_scalar16,WAN A/D scalar16,t4strict_pair_a_vs_d_40_200,scalar16,direct,unverifiable,3,5.5,47.92447,49.18312,1,0,0.09,0.09,0.045,0,2.901829,0.032511
queued_8,reputation_aware,eval_181,WAN,2,wan_ad_scalar16,WAN A/D scalar16,t4strict_pair_a_vs_d_40_200,scalar16,direct,unverifiable,3,5.5,49.18312,50.45068,1,0,0.09,0.09,0.045,0,2.901829,0.007338
queued_8,reputation_aware,eval_182,WAN,2,wan_ad_scalar16,WAN A/D scalar16,t4strict_pair_a_vs_d_40_200,scalar16,direct,unverifiable,3,5.5,50.45068,51.72022,1,0,0.09,0.09,0.045,0,2.901829,-0.018014
queued_8,reputation_aware,eval_183,WAN,2,wan_ad_scalar16,WAN A/D scalar16,t4strict_pair_a_vs_d_40_200,scalar16,direct,unverifiable,3,5.5,51.72022,52.98778,1,0,0.09,0.09,0.045,0,2.901829,-0.043404
queued_8,reputation_aware,eval_184,WAN,2,wan_ad_scalar16,WAN A/D scalar16,t4strict_pair_a_vs_d_40_200,scalar16,direct,unverifiable,3,5.5,52.98778,54.25534,1,1,0.09,0.09,0.045,0,6.357495,-0.218756
queued_8,reputation_aware,eval_185,WAN,2,wan_ad_scalar16,WAN A/D scalar16,t4strict_pair_a_vs_d_40_200,scalar16,direct,unverifiable,3,5.75,54.00534,55.27389,1,0,0.09,0.09,0.045,0,2.901829,-0.089107
queued_8,reputation_aware,eval_186,WAN,2,wan_ad_scalar16,WAN A/D scalar16,t4strict_pair_a_vs_d_40_200,scalar16,direct,unverifiable,3,5.75,55.27389,56.53848,1,0,0.09,0.09,0.045,0,2.901829,-0.114478
queued_8,reputation_aware,eval_187,WAN,3,wan_ad_scalar16,WAN A/D scalar16,t4strict_pair_a_vs_d_40_200,scalar16,direct,unverifiable,3,5.75,56.53848,57.82683,1,0,0.09,0.09,0.045,0,2.901829,-0.13977
queued_8,reputation_aware,eval_188,WAN,3,wan_ad_scalar16,WAN A/D scalar16,t4strict_pair_a_vs_d_40_200,scalar16,direct,unverifiable,3,5.75,57.82683,59.1132,1,0,0.09,0.09,0.045,0,2.901829,-0.165537
queued_8,reputation_aware,eval_189,WAN,3,wan_ad_scalar16,WAN A/D scalar16,t4strict_pair_a_vs_d_40_200,scalar16,direct,unverifiable,3,5.75,59.1132,60.39759,1,0,0.09,0.09,0.045,0,2.901829,-0.191264
queued_8,reputation_aware,eval_190,WAN,2,wan_ad_scalar16,WAN A/D scalar16,t4strict_pair_a_vs_d_40_200,scalar16,direct,unverifiable,3,5.75,60.39759,61.66515,1,0,0.09,0.09,0.045,0,2.901829,-0.216952
queued_8,reputation_aware,eval_191,WAN,2,wan_ad_scalar16,WAN A/D scalar16,t4strict_pair_a_vs_d_40_200,scalar16,direct,unverifiable,3,5.75,61.66515,62.93271,1,0,0.09,0.09,0.045,0,2.901829,-0.242303
queued_8,reputation_aware,eval_192,WAN,2,wan_ad_scalar16,WAN A/D scalar16,t4strict_pair_a_vs_d_40_200,scalar16,direct,unverifiable,3,5.75,62.93271,64.20225,1,0,0.09,0.09,0.045,0,2.901829,-0.267654
queued_8,reputation_aware,eval_193,WAN,2,wan_ad_scalar16,WAN A/D scalar16,t4strict_pair_a_vs_d_40_200,scalar16,direct,unverifiable,3,6.0,63.95225,65.21981,1,0,0.09,0.09,0.045,0,2.901829,-0.288045
queued_8,reputation_aware,eval_194,WAN,2,wan_ad_scalar16,WAN A/D scalar16,t4strict_pair_a_vs_d_40_200,scalar16,direct,unverifiable,3,6.0,65.21981,66.48737,1,0,0.09,0.09,0.045,0,2.901829,-0.313396
queued_8,reputation_aware,eval_195,WAN,2,wan_ad_scalar16,WAN A/D scalar16,t4strict_pair_a_vs_d_40_200,scalar16,direct,unverifiable,3,6.0,66.48737,67.75592,1,0,0.09,0.09,0.045,0,2.901829,-0.338747
queued_8,reputation_aware,eval_196,WAN,2,wan_ad_scalar16,WAN A/D scalar16,t4strict_pair_a_vs_d_40_200,scalar16,direct,unverifiable,3,6.0,67.75592,69.02051,1,0,0.09,0.09,0.045,0,2.901829,-0.364118
queued_8,reputation_aware,eval_197,WAN,3,wan_ad_scalar16,WAN A/D scalar16,t4strict_pair_a_vs_d_40_200,scalar16,direct,unverifiable,3,6.0,69.02051,70.30886,1,0,0.09,0.09,0.045,0,2.901829,-0.38941
queued_8,reputation_aware,eval_198,WAN,3,wan_ad_scalar16,WAN A/D scalar16,t4strict_pair_a_vs_d_40_200,scalar16,direct,unverifiable,3,6.0,70.30886,71.59523,1,0,0.09,0.09,0.045,0,2.901829,-0.415177
queued_8,reputation_aware,eval_199,WAN,3,wan_ad_scalar16,WAN A/D scalar16,t4strict_pair_a_vs_d_40_200,scalar16,direct,unverifiable,3,6.0,71.59523,72.87962,1,0,0.09,0.09,0.045,0,2.901829,-0.440905
queued_8,reputation_aware,eval_200,WAN,2,wan_ad_scalar16,WAN A/D scalar16,t4strict_pair_a_vs_d_40_200,scalar16,direct,unverifiable,3,6.0,72.87962,74.14718,0,1,0.09,0.09,0.045,0,6.357495,-1.616592
queued_8,network_aware,eval_001,LAN,3,lan_ab_scalar16,LAN A/B scalar16,t4strict_pair_a_vs_b_40_200,scalar16,direct,unverifiable,3,0.0,0.0,1.05564,1,0,0.15,0.15,0.195,0,2.340788,0.985
queued_8,network_aware,eval_002,LAN,3,lan_ab_scalar16,LAN A/B scalar16,t4strict_pair_a_vs_b_40_200,scalar16,direct,unverifiable,3,0.0,1.05564,2.11322,1,0,0.15,0.15,0.195,0,2.340788,0.963887
queued_8,network_aware,eval_003,LAN,3,lan_ab_scalar16,LAN A/B scalar16,t4strict_pair_a_vs_b_40_200,scalar16,direct,unverifiable,3,0.0,2.11322,3.16886,1,0,0.15,0.15,0.195,0,2.340788,0.942736
queued_8,network_aware,eval_004,LAN,3,lan_ab_scalar16,LAN A/B scalar16,t4strict_pair_a_vs_b_40_200,scalar16,direct,unverifiable,3,0.0,3.16886,4.2245,1,0,0.15,0.15,0.195,0,2.340788,0.921623
queued_8,network_aware,eval_005,LAN,3,lan_ab_scalar16,LAN A/B scalar16,t4strict_pair_a_vs_b_40_200,scalar16,direct,unverifiable,3,0.0,4.2245,5.28111,1,0,0.15,0.15,0.195,0,2.340788,0.90051
queued_8,network_aware,eval_006,LAN,2,lan_single_homo_scalar16,LAN single-node homo scalar16,single_homo,scalar16,direct,low-risk,1,0.0,0.0,0.85331,1,0,0.0,0.0,1.0,1,2.634826,1.0
queued_8,network_aware,eval_007,LAN,3,lan_ab_scalar16,LAN A/B scalar16,t4strict_pair_a_vs_b_40_200,scalar16,direct,unverifiable,3,0.0,5.28111,6.35712,1,0,0.15,0.15,0.195,0,2.340788,0.879378
queued_8,network_aware,eval_008,LAN,3,lan_ab_scalar16,LAN A/B scalar16,t4strict_pair_a_vs_b_40_200,scalar16,direct,unverifiable,3,0.0,6.35712,7.43119,1,0,0.15,0.15,0.195,0,2.340788,0.857858
queued_8,network_aware,eval_009,LAN,3,lan_ab_scalar16,LAN A/B scalar16,t4strict_pair_a_vs_b_40_200,scalar16,direct,unverifiable,3,0.25,7.18119,8.25332,1,0,0.15,0.15,0.195,0,2.340788,0.841376
queued_8,network_aware,eval_010,LAN,3,lan_ab_scalar16,LAN A/B scalar16,t4strict_pair_a_vs_b_40_200,scalar16,direct,unverifiable,3,0.25,8.25332,9.30896,1,0,0.15,0.15,0.195,0,2.340788,0.819934
queued_8,network_aware,eval_011,LAN,1,lan_single_homo_scalar16,LAN single-node homo scalar16,single_homo,scalar16,direct,low-risk,1,0.25,0.60331,1.44318,1,0,0.0,0.0,1.0,1,2.634826,0.987934
queued_8,network_aware,eval_012,LAN,1,lan_single_homo_scalar16,LAN single-node homo scalar16,single_homo,scalar16,direct,low-risk,1,0.25,1.44318,2.28473,1,0,0.0,0.0,1.0,1,2.634826,0.971136
queued_8,network_aware,eval_013,LAN,1,lan_single_homo_scalar16,LAN single-node homo scalar16,single_homo,scalar16,direct,low-risk,1,0.25,2.28473,3.1246,1,0,0.0,0.0,1.0,1,2.634826,0.954305
queued_8,network_aware,eval_014,LAN,1,lan_single_homo_scalar16,LAN single-node homo scalar16,single_homo,scalar16,direct,low-risk,1,0.25,3.1246,3.96447,1,0,0.0,0.0,1.0,1,2.634826,0.937508
queued_8,network_aware,eval_015,LAN,1,lan_single_homo_scalar16,LAN single-node homo scalar16,single_homo,scalar16,direct,low-risk,1,0.25,3.96447,4.80518,1,0,0.0,0.0,1.0,1,2.634826,0.920711
queued_8,network_aware,eval_016,LAN,1,lan_single_homo_scalar16,LAN single-node homo scalar16,single_homo,scalar16,direct,low-risk,1,0.25,4.80518,5.64253,1,0,0.0,0.0,1.0,1,2.634826,0.903896
queued_8,network_aware,eval_017,LAN,3,lan_ab_scalar16,LAN A/B scalar16,t4strict_pair_a_vs_b_40_200,scalar16,direct,unverifiable,3,0.5,9.05896,10.11654,1,1,0.15,0.15,0.195,0,5.796454,0.653821
queued_8,network_aware,eval_018,LAN,3,lan_ab_scalar16,LAN A/B scalar16,t4strict_pair_a_vs_b_40_200,scalar16,direct,unverifiable,3,0.5,10.11654,11.17218,1,0,0.15,0.15,0.195,0,2.340788,0.782669
queued_8,network_aware,eval_019,LAN,2,lan_single_homo_scalar16,LAN single-node homo scalar16,single_homo,scalar16,direct,low-risk,1,0.5,5.39253,6.24668,0,0,0.0,0.0,1.0,1,2.634826,-0.107851
queued_8,network_aware,eval_020,LAN,1,lan_single_homo_scalar16,LAN single-node homo scalar16,single_homo,scalar16,direct,low-risk,1,0.5,6.24668,7.08655,1,0,0.0,0.0,1.0,1,2.634826,0.875066
queued_8,network_aware,eval_021,LAN,1,lan_single_homo_scalar16,LAN single-node homo scalar16,single_homo,scalar16,direct,low-risk,1,0.5,7.08655,7.91886,1,0,0.0,0.0,1.0,1,2.634826,0.858269
queued_8,network_aware,eval_022,LAN,1,lan_single_homo_scalar16,LAN single-node homo scalar16,single_homo,scalar16,direct,low-risk,1,0.5,7.91886,8.75285,1,0,0.0,0.0,1.0,1,2.634826,0.841623
queued_8,network_aware,eval_023,LAN,1,lan_single_homo_scalar16,LAN single-node homo scalar16,single_homo,scalar16,direct,low-risk,1,0.5,8.75285,9.58516,1,0,0.0,0.0,1.0,1,2.634826,0.824943
queued_8,network_aware,eval_024,LAN,1,lan_single_homo_scalar16,LAN single-node homo scalar16,single_homo,scalar16,direct,low-risk,1,0.5,9.58516,10.41747,1,0,0.0,0.0,1.0,1,2.634826,0.808297
queued_8,network_aware,eval_025,LAN,1,lan_single_homo_scalar16,LAN single-node homo scalar16,single_homo,scalar16,direct,low-risk,1,0.75,10.16747,11.00062,1,0,0.0,0.0,1.0,1,2.634826,0.796651
queued_8,network_aware,eval_026,LAN,1,lan_single_homo_scalar16,LAN single-node homo scalar16,single_homo,scalar16,direct,low-risk,1,0.75,11.00062,11.83041,1,0,0.0,0.0,1.0,1,2.634826,0.779988
queued_8,network_aware,eval_027,LAN,2,lan_single_homo_scalar16,LAN single-node homo scalar16,single_homo,scalar16,direct,low-risk,1,0.75,11.83041,12.68036,1,0,0.0,0.0,1.0,1,2.634826,0.763392
queued_8,network_aware,eval_028,LAN,2,lan_single_homo_scalar16,LAN single-node homo scalar16,single_homo,scalar16,direct,low-risk,1,0.75,12.68036,13.52863,1,0,0.0,0.0,1.0,1,2.634826,0.746393
queued_8,network_aware,eval_029,LAN,2,lan_single_homo_scalar16,LAN single-node homo scalar16,single_homo,scalar16,direct,low-risk,1,0.75,13.52863,14.37522,1,0,0.0,0.0,1.0,1,2.634826,0.729427
queued_8,network_aware,eval_030,LAN,1,lan_single_homo_scalar16,LAN single-node homo scalar16,single_homo,scalar16,direct,low-risk,1,0.75,14.37522,15.20753,1,0,0.0,0.0,1.0,1,2.634826,0.712496
queued_8,network_aware,eval_031,LAN,2,lan_single_homo_scalar16,LAN single-node homo scalar16,single_homo,scalar16,direct,low-risk,1,0.75,15.20753,16.05496,1,0,0.0,0.0,1.0,1,2.634826,0.695849
queued_8,network_aware,eval_032,LAN,2,lan_single_homo_scalar16,LAN single-node homo scalar16,single_homo,scalar16,direct,low-risk,1,0.75,16.05496,16.90407,1,0,0.0,0.0,1.0,1,2.634826,0.678901
queued_8,network_aware,eval_033,LAN,2,lan_single_homo_scalar16,LAN single-node homo scalar16,single_homo,scalar16,direct,low-risk,1,1.0,16.65407,17.5015,1,0,0.0,0.0,1.0,1,2.634826,0.666919
queued_8,network_aware,eval_034,LAN,2,lan_single_homo_scalar16,LAN single-node homo scalar16,single_homo,scalar16,direct,low-risk,1,1.0,17.5015,18.34893,0,0,0.0,0.0,1.0,1,2.634826,-0.35003
queued_8,network_aware,eval_035,LAN,2,lan_single_homo_scalar16,LAN single-node homo scalar16,single_homo,scalar16,direct,low-risk,1,1.0,18.34893,19.1972,1,0,0.0,0.0,1.0,1,2.634826,0.633021
queued_8,network_aware,eval_036,LAN,2,lan_single_homo_scalar16,LAN single-node homo scalar16,single_homo,scalar16,direct,low-risk,1,1.0,19.1972,20.04211,1,0,0.0,0.0,1.0,1,2.634826,0.616056
queued_8,network_aware,eval_037,LAN,3,lan_ab_scalar16,LAN A/B scalar16,t4strict_pair_a_vs_b_40_200,scalar16,direct,unverifiable,3,1.0,10.67218,11.73849,1,0,0.15,0.15,0.195,0,2.340788,0.771556
queued_8,network_aware,eval_038,LAN,3,lan_ab_scalar16,LAN A/B scalar16,t4strict_pair_a_vs_b_40_200,scalar16,direct,unverifiable,3,1.0,11.73849,12.80286,1,0,0.15,0.15,0.195,0,2.340788,0.75023
queued_8,network_aware,eval_039,LAN,3,lan_ab_scalar16,LAN A/B scalar16,t4strict_pair_a_vs_b_40_200,scalar16,direct,unverifiable,3,1.0,12.80286,13.86529,1,0,0.15,0.15,0.195,0,2.340788,0.728943
queued_8,network_aware,eval_040,LAN,2,lan_single_homo_scalar16,LAN single-node homo scalar16,single_homo,scalar16,direct,low-risk,1,1.0,20.04211,20.88954,1,0,0.0,0.0,1.0,1,2.634826,0.599158
queued_8,network_aware,eval_041,LAN,2,lan_single_homo_scalar16,LAN single-node homo scalar16,single_homo,scalar16,direct,low-risk,1,1.25,20.63954,21.48697,1,0,0.0,0.0,1.0,1,2.634826,0.587209
queued_8,network_aware,eval_042,LAN,2,lan_single_homo_scalar16,LAN single-node homo scalar16,single_homo,scalar16,direct,low-risk,1,1.25,21.48697,22.33608,1,0,0.0,0.0,1.0,1,2.634826,0.570261
queued_8,network_aware,eval_043,LAN,2,lan_single_homo_scalar16,LAN single-node homo scalar16,single_homo,scalar16,direct,low-risk,1,1.25,22.33608,23.18351,1,0,0.0,0.0,1.0,1,2.634826,0.553278
queued_8,network_aware,eval_044,LAN,2,lan_single_homo_scalar16,LAN single-node homo scalar16,single_homo,scalar16,direct,low-risk,1,1.25,23.18351,24.03094,1,0,0.0,0.0,1.0,1,2.634826,0.53633
queued_8,network_aware,eval_045,LAN,2,lan_single_homo_scalar16,LAN single-node homo scalar16,single_homo,scalar16,direct,low-risk,1,1.25,24.03094,24.87921,1,0,0.0,0.0,1.0,1,2.634826,0.519381
queued_8,network_aware,eval_046,LAN,2,lan_single_homo_scalar16,LAN single-node homo scalar16,single_homo,scalar16,direct,low-risk,1,1.25,24.87921,25.72412,1,0,0.0,0.0,1.0,1,2.634826,0.502416
queued_8,network_aware,eval_047,LAN,3,lan_ab_scalar16,LAN A/B scalar16,t4strict_pair_a_vs_b_40_200,scalar16,direct,unverifiable,3,1.25,13.61529,14.6816,1,0,0.15,0.15,0.195,0,2.340788,0.712694
queued_8,network_aware,eval_048,LAN,3,lan_ab_scalar16,LAN A/B scalar16,t4strict_pair_a_vs_b_40_200,scalar16,direct,unverifiable,3,1.25,14.6816,15.74597,1,1,0.15,0.15,0.195,0,5.796454,0.541368
queued_8,network_aware,eval_049,LAN,3,lan_ab_scalar16,LAN A/B scalar16,t4strict_pair_a_vs_b_40_200,scalar16,direct,unverifiable,3,1.5,15.49597,16.5584,1,0,0.15,0.15,0.195,0,2.340788,0.675081
queued_8,network_aware,eval_050,LAN,2,lan_single_homo_scalar16,LAN single-node homo scalar16,single_homo,scalar16,direct,low-risk,1,1.5,25.47412,26.32155,1,0,0.0,0.0,1.0,1,2.634826,0.490518
queued_8,network_aware,eval_051,LAN,3,lan_ab_scalar16,LAN A/B scalar16,t4strict_pair_a_vs_b_40_200,scalar16,direct,unverifiable,3,1.5,16.5584,17.61501,1,0,0.15,0.15,0.195,0,2.340788,0.653832
queued_8,network_aware,eval_052,LAN,3,lan_ab_scalar16,LAN A/B scalar16,t4strict_pair_a_vs_b_40_200,scalar16,direct,unverifiable,3,1.5,17.61501,18.67356,1,0,0.15,0.15,0.195,0,2.340788,0.6327
queued_8,network_aware,eval_053,LAN,3,lan_ab_scalar16,LAN A/B scalar16,t4strict_pair_a_vs_b_40_200,scalar16,direct,unverifiable,3,1.5,18.67356,19.73017,1,1,0.15,0.15,0.195,0,5.796454,0.461529
queued_8,network_aware,eval_054,LAN,3,lan_ab_scalar16,LAN A/B scalar16,t4strict_pair_a_vs_b_40_200,scalar16,direct,unverifiable,3,1.5,19.73017,20.78678,1,0,0.15,0.15,0.195,0,2.340788,0.590397
queued_8,network_aware,eval_055,LAN,3,lan_ab_scalar16,LAN A/B scalar16,t4strict_pair_a_vs_b_40_200,scalar16,direct,unverifiable,3,1.5,20.78678,21.84436,1,0,0.15,0.15,0.195,0,2.340788,0.569264
queued_8,network_aware,eval_056,LAN,2,lan_single_homo_scalar16,LAN single-node homo scalar16,single_homo,scalar16,direct,low-risk,1,1.5,26.32155,27.1757,0,0,0.0,0.0,1.0,1,2.634826,-0.526431
queued_8,network_aware,eval_057,LAN,3,lan_ab_scalar16,LAN A/B scalar16,t4strict_pair_a_vs_b_40_200,scalar16,direct,unverifiable,3,1.75,21.59436,22.67134,1,1,0.15,0.15,0.195,0,5.796454,0.403113
queued_8,network_aware,eval_058,LAN,3,lan_ab_scalar16,LAN A/B scalar16,t4strict_pair_a_vs_b_40_200,scalar16,direct,unverifiable,3,1.75,22.67134,23.74638,1,0,0.15,0.15,0.195,0,2.340788,0.531573
queued_8,network_aware,eval_059,LAN,3,lan_ab_scalar16,LAN A/B scalar16,t4strict_pair_a_vs_b_40_200,scalar16,direct,unverifiable,3,1.75,23.74638,24.81948,1,0,0.15,0.15,0.195,0,2.340788,0.510072
queued_8,network_aware,eval_060,LAN,3,lan_ab_scalar16,LAN A/B scalar16,t4strict_pair_a_vs_b_40_200,scalar16,direct,unverifiable,3,1.75,24.81948,25.87609,1,0,0.15,0.15,0.195,0,2.340788,0.48861
queued_8,network_aware,eval_061,LAN,1,lan_single_homo_scalar16,LAN single-node homo scalar16,single_homo,scalar16,direct,low-risk,1,1.75,26.9257,27.75801,1,0,0.0,0.0,1.0,1,2.634826,0.461486
queued_8,network_aware,eval_062,LAN,1,lan_single_homo_scalar16,LAN single-node homo scalar16,single_homo,scalar16,direct,low-risk,1,1.75,27.75801,28.592,1,0,0.0,0.0,1.0,1,2.634826,0.44484
queued_8,network_aware,eval_063,LAN,1,lan_single_homo_scalar16,LAN single-node homo scalar16,single_homo,scalar16,direct,low-risk,1,1.75,28.592,29.42431,1,0,0.0,0.0,1.0,1,2.634826,0.42816
queued_8,network_aware,eval_064,LAN,1,lan_single_homo_scalar16,LAN single-node homo scalar16,single_homo,scalar16,direct,low-risk,1,1.75,29.42431,30.25662,1,0,0.0,0.0,1.0,1,2.634826,0.411514
queued_8,network_aware,eval_065,LAN,1,lan_single_homo_scalar16,LAN single-node homo scalar16,single_homo,scalar16,direct,low-risk,1,2.0,30.00662,30.83977,1,0,0.0,0.0,1.0,1,2.634826,0.399868
queued_8,network_aware,eval_066,LAN,1,lan_single_homo_scalar16,LAN single-node homo scalar16,single_homo,scalar16,direct,low-risk,1,2.0,30.83977,31.66956,1,0,0.0,0.0,1.0,1,2.634826,0.383205
queued_8,network_aware,eval_067,LAN,2,lan_single_homo_scalar16,LAN single-node homo scalar16,single_homo,scalar16,direct,low-risk,1,2.0,31.66956,32.51951,1,0,0.0,0.0,1.0,1,2.634826,0.366609
queued_8,network_aware,eval_068,LAN,2,lan_single_homo_scalar16,LAN single-node homo scalar16,single_homo,scalar16,direct,low-risk,1,2.0,32.51951,33.36778,0,0,0.0,0.0,1.0,1,2.634826,-0.65039
queued_8,network_aware,eval_069,LAN,2,lan_single_homo_scalar16,LAN single-node homo scalar16,single_homo,scalar16,direct,low-risk,1,2.0,33.36778,34.21437,0,0,0.0,0.0,1.0,1,2.634826,-0.667356
queued_8,network_aware,eval_070,LAN,1,lan_single_homo_scalar16,LAN single-node homo scalar16,single_homo,scalar16,direct,low-risk,1,2.0,34.21437,35.04668,1,0,0.0,0.0,1.0,1,2.634826,0.315713
queued_8,network_aware,eval_071,LAN,1,lan_single_homo_scalar16,LAN single-node homo scalar16,single_homo,scalar16,direct,low-risk,1,2.0,35.04668,35.87983,1,0,0.0,0.0,1.0,1,2.634826,0.299066
queued_8,network_aware,eval_072,LAN,1,lan_single_homo_scalar16,LAN single-node homo scalar16,single_homo,scalar16,direct,low-risk,1,2.0,35.87983,36.71466,1,0,0.0,0.0,1.0,1,2.634826,0.282403
queued_8,network_aware,eval_073,LAN,1,lan_single_homo_scalar16,LAN single-node homo scalar16,single_homo,scalar16,direct,low-risk,1,2.25,36.46466,37.29781,1,0,0.0,0.0,1.0,1,2.634826,0.270707
queued_8,network_aware,eval_074,LAN,1,lan_single_homo_scalar16,LAN single-node homo scalar16,single_homo,scalar16,direct,low-risk,1,2.25,37.29781,38.13096,1,0,0.0,0.0,1.0,1,2.634826,0.254044
queued_8,network_aware,eval_075,LAN,1,lan_single_homo_scalar16,LAN single-node homo scalar16,single_homo,scalar16,direct,low-risk,1,2.25,38.13096,38.96495,1,0,0.0,0.0,1.0,1,2.634826,0.237381
queued_8,network_aware,eval_076,LAN,1,lan_single_homo_scalar16,LAN single-node homo scalar16,single_homo,scalar16,direct,low-risk,1,2.25,38.96495,39.79558,1,0,0.0,0.0,1.0,1,2.634826,0.220701
queued_8,network_aware,eval_077,LAN,2,lan_single_homo_scalar16,LAN single-node homo scalar16,single_homo,scalar16,direct,low-risk,1,2.25,39.79558,40.64637,1,0,0.0,0.0,1.0,1,2.634826,0.204088
queued_8,network_aware,eval_078,LAN,2,lan_single_homo_scalar16,LAN single-node homo scalar16,single_homo,scalar16,direct,low-risk,1,2.25,40.64637,41.49548,1,0,0.0,0.0,1.0,1,2.634826,0.187073
queued_8,network_aware,eval_079,LAN,2,lan_single_homo_scalar16,LAN single-node homo scalar16,single_homo,scalar16,direct,low-risk,1,2.25,41.49548,42.34291,1,0,0.0,0.0,1.0,1,2.634826,0.17009
queued_8,network_aware,eval_080,LAN,1,lan_single_homo_scalar16,LAN single-node homo scalar16,single_homo,scalar16,direct,low-risk,1,2.25,42.34291,43.17606,1,0,0.0,0.0,1.0,1,2.634826,0.153142
queued_8,network_aware,eval_081,LAN,1,lan_single_homo_scalar16,LAN single-node homo scalar16,single_homo,scalar16,direct,low-risk,1,2.5,42.92606,43.76593,1,0,0.0,0.0,1.0,1,2.634826,0.141479
queued_8,network_aware,eval_082,LAN,1,lan_single_homo_scalar16,LAN single-node homo scalar16,single_homo,scalar16,direct,low-risk,1,2.5,43.76593,44.60748,1,0,0.0,0.0,1.0,1,2.634826,0.124681
queued_8,network_aware,eval_083,LAN,1,lan_single_homo_scalar16,LAN single-node homo scalar16,single_homo,scalar16,direct,low-risk,1,2.5,44.60748,45.44735,1,0,0.0,0.0,1.0,1,2.634826,0.10785
queued_8,network_aware,eval_084,LAN,1,lan_single_homo_scalar16,LAN single-node homo scalar16,single_homo,scalar16,direct,low-risk,1,2.5,45.44735,46.28722,1,0,0.0,0.0,1.0,1,2.634826,0.091053
queued_8,network_aware,eval_085,LAN,1,lan_single_homo_scalar16,LAN single-node homo scalar16,single_homo,scalar16,direct,low-risk,1,2.5,46.28722,47.12793,1,0,0.0,0.0,1.0,1,2.634826,0.074256
queued_8,network_aware,eval_086,LAN,1,lan_single_homo_scalar16,LAN single-node homo scalar16,single_homo,scalar16,direct,low-risk,1,2.5,47.12793,47.96528,1,0,0.0,0.0,1.0,1,2.634826,0.057441
queued_8,network_aware,eval_087,LAN,3,lan_ab_scalar16,LAN A/B scalar16,t4strict_pair_a_vs_b_40_200,scalar16,direct,unverifiable,3,2.5,25.12609,26.18367,1,0,0.15,0.15,0.195,0,2.340788,0.482478
queued_8,network_aware,eval_088,LAN,3,lan_ab_scalar16,LAN A/B scalar16,t4strict_pair_a_vs_b_40_200,scalar16,direct,unverifiable,3,2.5,26.18367,27.23931,1,0,0.15,0.15,0.195,0,2.340788,0.461327
queued_8,network_aware,eval_089,LAN,2,lan_single_homo_scalar16,LAN single-node homo scalar16,single_homo,scalar16,direct,low-risk,1,2.75,47.71528,48.56943,1,0,0.0,0.0,1.0,1,2.634826,0.045694
queued_8,network_aware,eval_090,LAN,1,lan_single_homo_scalar16,LAN single-node homo scalar16,single_homo,scalar16,direct,low-risk,1,2.75,48.56943,49.4093,1,0,0.0,0.0,1.0,1,2.634826,0.028611
queued_8,network_aware,eval_091,LAN,1,lan_single_homo_scalar16,LAN single-node homo scalar16,single_homo,scalar16,direct,low-risk,1,2.75,49.4093,50.25085,1,0,0.0,0.0,1.0,1,2.634826,0.011814
queued_8,network_aware,eval_092,LAN,2,lan_single_homo_scalar16,LAN single-node homo scalar16,single_homo,scalar16,direct,low-risk,1,2.75,50.25085,51.09408,1,0,0.0,0.0,1.0,1,2.634826,-0.005017
queued_8,network_aware,eval_093,LAN,1,lan_single_homo_scalar16,LAN single-node homo scalar16,single_homo,scalar16,direct,low-risk,1,2.75,51.09408,51.93563,1,0,0.0,0.0,1.0,1,2.634826,-0.021882
queued_8,network_aware,eval_094,LAN,1,lan_single_homo_scalar16,LAN single-node homo scalar16,single_homo,scalar16,direct,low-risk,1,2.75,51.93563,52.77718,1,0,0.0,0.0,1.0,1,2.634826,-0.038713
queued_8,network_aware,eval_095,LAN,2,lan_single_homo_scalar16,LAN single-node homo scalar16,single_homo,scalar16,direct,low-risk,1,2.75,52.77718,53.61957,1,0,0.0,0.0,1.0,1,2.634826,-0.055544
queued_8,network_aware,eval_096,LAN,1,lan_single_homo_scalar16,LAN single-node homo scalar16,single_homo,scalar16,direct,low-risk,1,2.75,53.61957,54.4586,1,0,0.0,0.0,1.0,1,2.634826,-0.072391
queued_8,network_aware,eval_097,LAN,3,lan_ab_scalar16,LAN A/B scalar16,t4strict_pair_a_vs_b_40_200,scalar16,direct,unverifiable,3,3.0,26.73931,27.79883,1,1,0.15,0.15,0.195,0,5.796454,0.300214
queued_8,network_aware,eval_098,LAN,3,lan_ab_scalar16,LAN A/B scalar16,t4strict_pair_a_vs_b_40_200,scalar16,direct,unverifiable,3,3.0,27.79883,28.85641,1,0,0.15,0.15,0.195,0,2.340788,0.429023
queued_8,network_aware,eval_099,LAN,3,lan_ab_scalar16,LAN A/B scalar16,t4strict_pair_a_vs_b_40_200,scalar16,direct,unverifiable,3,3.0,28.85641,29.91205,1,0,0.15,0.15,0.195,0,2.340788,0.407872
queued_8,network_aware,eval_100,LAN,1,lan_single_homo_scalar16,LAN single-node homo scalar16,single_homo,scalar16,direct,low-risk,1,3.0,54.2086,55.05015,1,0,0.0,0.0,1.0,1,2.634826,-0.084172
queued_8,network_aware,eval_101,LAN,1,lan_single_homo_scalar16,LAN single-node homo scalar16,single_homo,scalar16,direct,low-risk,1,3.0,55.05015,55.88414,1,0,0.0,0.0,1.0,1,2.634826,-0.101003
queued_8,network_aware,eval_102,LAN,1,lan_single_homo_scalar16,LAN single-node homo scalar16,single_homo,scalar16,direct,low-risk,1,3.0,55.88414,56.71981,1,0,0.0,0.0,1.0,1,2.634826,-0.117683
queued_8,network_aware,eval_103,LAN,1,lan_single_homo_scalar16,LAN single-node homo scalar16,single_homo,scalar16,direct,low-risk,1,3.0,56.71981,57.5538,1,0,0.0,0.0,1.0,1,2.634826,-0.134396
queued_8,network_aware,eval_104,LAN,1,lan_single_homo_scalar16,LAN single-node homo scalar16,single_homo,scalar16,direct,low-risk,1,3.0,57.5538,58.38779,1,0,0.0,0.0,1.0,1,2.634826,-0.151076
queued_8,network_aware,eval_105,LAN,1,lan_single_homo_scalar16,LAN single-node homo scalar16,single_homo,scalar16,direct,low-risk,1,3.25,58.13779,58.97262,1,0,0.0,0.0,1.0,1,2.634826,-0.162756
queued_8,network_aware,eval_106,LAN,1,lan_single_homo_scalar16,LAN single-node homo scalar16,single_homo,scalar16,direct,low-risk,1,3.25,58.97262,59.80409,1,0,0.0,0.0,1.0,1,2.634826,-0.179452
queued_8,network_aware,eval_107,LAN,2,lan_single_homo_scalar16,LAN single-node homo scalar16,single_homo,scalar16,direct,low-risk,1,3.25,59.80409,60.65572,1,0,0.0,0.0,1.0,1,2.634826,-0.196082
queued_8,network_aware,eval_108,LAN,2,lan_single_homo_scalar16,LAN single-node homo scalar16,single_homo,scalar16,direct,low-risk,1,3.25,60.65572,61.50567,0,0,0.0,0.0,1.0,1,2.634826,-1.213114
queued_8,network_aware,eval_109,LAN,2,lan_single_homo_scalar16,LAN single-node homo scalar16,single_homo,scalar16,direct,low-risk,1,3.25,61.50567,62.35394,1,0,0.0,0.0,1.0,1,2.634826,-0.230113
queued_8,network_aware,eval_110,LAN,1,lan_single_homo_scalar16,LAN single-node homo scalar16,single_homo,scalar16,direct,low-risk,1,3.25,62.35394,63.18793,1,0,0.0,0.0,1.0,1,2.634826,-0.247079
queued_8,network_aware,eval_111,LAN,1,lan_single_homo_scalar16,LAN single-node homo scalar16,single_homo,scalar16,direct,low-risk,1,3.25,63.18793,64.02276,1,0,0.0,0.0,1.0,1,2.634826,-0.263759
queued_8,network_aware,eval_112,LAN,1,lan_single_homo_scalar16,LAN single-node homo scalar16,single_homo,scalar16,direct,low-risk,1,3.25,64.02276,64.85927,1,0,0.0,0.0,1.0,1,2.634826,-0.280455
queued_8,network_aware,eval_113,LAN,1,lan_single_homo_scalar16,LAN single-node homo scalar16,single_homo,scalar16,direct,low-risk,1,3.5,64.60927,65.4441,1,0,0.0,0.0,1.0,1,2.634826,-0.292185
queued_8,network_aware,eval_114,LAN,1,lan_single_homo_scalar16,LAN single-node homo scalar16,single_homo,scalar16,direct,low-risk,1,3.5,65.4441,66.27893,1,0,0.0,0.0,1.0,1,2.634826,-0.308882
queued_8,network_aware,eval_115,LAN,1,lan_single_homo_scalar16,LAN single-node homo scalar16,single_homo,scalar16,direct,low-risk,1,3.5,66.27893,67.1146,1,0,0.0,0.0,1.0,1,2.634826,-0.325579
queued_8,network_aware,eval_116,LAN,1,lan_single_homo_scalar16,LAN single-node homo scalar16,single_homo,scalar16,direct,low-risk,1,3.5,67.1146,67.94691,1,0,0.0,0.0,1.0,1,2.634826,-0.342292
queued_8,network_aware,eval_117,LAN,2,lan_single_homo_scalar16,LAN single-node homo scalar16,single_homo,scalar16,direct,low-risk,1,3.5,67.94691,68.79938,1,0,0.0,0.0,1.0,1,2.634826,-0.358938
queued_8,network_aware,eval_118,LAN,2,lan_single_homo_scalar16,LAN single-node homo scalar16,single_homo,scalar16,direct,low-risk,1,3.5,68.79938,69.65017,0,0,0.0,0.0,1.0,1,2.634826,-1.375988
queued_8,network_aware,eval_119,LAN,2,lan_single_homo_scalar16,LAN single-node homo scalar16,single_homo,scalar16,direct,low-risk,1,3.5,69.65017,70.49928,1,0,0.0,0.0,1.0,1,2.634826,-0.393003
queued_8,network_aware,eval_120,LAN,1,lan_single_homo_scalar16,LAN single-node homo scalar16,single_homo,scalar16,direct,low-risk,1,3.5,70.49928,71.33411,1,0,0.0,0.0,1.0,1,2.634826,-0.409986
queued_8,network_aware,eval_121,LAN,1,lan_single_homo_scalar16,LAN single-node homo scalar16,single_homo,scalar16,direct,low-risk,1,3.75,71.08411,71.92398,1,0,0.0,0.0,1.0,1,2.634826,-0.421682
queued_8,network_aware,eval_122,LAN,1,lan_single_homo_scalar16,LAN single-node homo scalar16,single_homo,scalar16,direct,low-risk,1,3.75,71.92398,72.76553,1,0,0.0,0.0,1.0,1,2.634826,-0.43848
queued_8,network_aware,eval_123,LAN,1,lan_single_homo_scalar16,LAN single-node homo scalar16,single_homo,scalar16,direct,low-risk,1,3.75,72.76553,73.6054,1,0,0.0,0.0,1.0,1,2.634826,-0.455311
queued_8,network_aware,eval_124,LAN,1,lan_single_homo_scalar16,LAN single-node homo scalar16,single_homo,scalar16,direct,low-risk,1,3.75,73.6054,74.44527,1,0,0.0,0.0,1.0,1,2.634826,-0.472108
queued_8,network_aware,eval_125,LAN,1,lan_single_homo_scalar16,LAN single-node homo scalar16,single_homo,scalar16,direct,low-risk,1,3.75,74.44527,75.28598,1,0,0.0,0.0,1.0,1,2.634826,-0.488905
queued_8,network_aware,eval_126,LAN,1,lan_single_homo_scalar16,LAN single-node homo scalar16,single_homo,scalar16,direct,low-risk,1,3.75,75.28598,76.12333,1,0,0.0,0.0,1.0,1,2.634826,-0.50572
queued_8,network_aware,eval_127,LAN,3,lan_ab_scalar16,LAN A/B scalar16,t4strict_pair_a_vs_b_40_200,scalar16,direct,unverifiable,3,3.75,29.16205,30.21963,1,0,0.15,0.15,0.195,0,2.340788,0.401759
queued_8,network_aware,eval_128,LAN,3,lan_ab_scalar16,LAN A/B scalar16,t4strict_pair_a_vs_b_40_200,scalar16,direct,unverifiable,3,3.75,30.21963,31.27527,1,1,0.15,0.15,0.195,0,5.796454,0.230607
queued_8,network_aware,eval_129,LAN,2,lan_single_homo_scalar16,LAN single-node homo scalar16,single_homo,scalar16,direct,low-risk,1,4.0,75.87333,76.72748,1,0,0.0,0.0,1.0,1,2.634826,-0.517467
queued_8,network_aware,eval_130,LAN,1,lan_single_homo_scalar16,LAN single-node homo scalar16,single_homo,scalar16,direct,low-risk,1,4.0,76.72748,77.56735,1,0,0.0,0.0,1.0,1,2.634826,-0.53455
queued_8,network_aware,eval_131,LAN,2,lan_single_homo_scalar16,LAN single-node homo scalar16,single_homo,scalar16,direct,low-risk,1,4.0,77.56735,78.41142,0,0,0.0,0.0,1.0,1,2.634826,-1.551347
queued_8,network_aware,eval_132,LAN,2,lan_single_homo_scalar16,LAN single-node homo scalar16,single_homo,scalar16,direct,low-risk,1,4.0,78.41142,79.25717,0,0,0.0,0.0,1.0,1,2.634826,-1.568228
queued_8,network_aware,eval_133,LAN,2,lan_single_homo_scalar16,LAN single-node homo scalar16,single_homo,scalar16,direct,low-risk,1,4.0,79.25717,80.10124,0,0,0.0,0.0,1.0,1,2.634826,-1.585143
queued_8,network_aware,eval_134,LAN,2,lan_single_homo_scalar16,LAN single-node homo scalar16,single_homo,scalar16,direct,low-risk,1,4.0,80.10124,80.94531,1,0,0.0,0.0,1.0,1,2.634826,-0.602025
queued_8,network_aware,eval_135,LAN,2,lan_single_homo_scalar16,LAN single-node homo scalar16,single_homo,scalar16,direct,low-risk,1,4.0,80.94531,81.79022,1,0,0.0,0.0,1.0,1,2.634826,-0.618906
queued_8,network_aware,eval_136,LAN,1,lan_single_homo_scalar16,LAN single-node homo scalar16,single_homo,scalar16,direct,low-risk,1,4.0,81.79022,82.63177,1,0,0.0,0.0,1.0,1,2.634826,-0.635804
queued_8,network_aware,eval_137,LAN,3,lan_ab_scalar16,LAN A/B scalar16,t4strict_pair_a_vs_b_40_200,scalar16,direct,unverifiable,3,4.25,30.77527,31.8377,1,1,0.15,0.15,0.195,0,5.796454,0.219495
queued_8,network_aware,eval_138,LAN,3,lan_ab_scalar16,LAN A/B scalar16,t4strict_pair_a_vs_b_40_200,scalar16,direct,unverifiable,3,4.25,31.8377,32.89819,0,0,0.15,0.15,0.195,0,2.340788,-0.651754
queued_8,network_aware,eval_139,LAN,3,lan_ab_scalar16,LAN A/B scalar16,t4strict_pair_a_vs_b_40_200,scalar16,direct,unverifiable,3,4.25,32.89819,33.95674,1,0,0.15,0.15,0.195,0,2.340788,0.327036
queued_8,network_aware,eval_140,LAN,2,lan_single_homo_scalar16,LAN single-node homo scalar16,single_homo,scalar16,direct,low-risk,1,4.25,82.38177,83.22584,1,0,0.0,0.0,1.0,1,2.634826,-0.647635
queued_8,network_aware,eval_141,WAN,1,wan_ad_scalar16,WAN A/D scalar16,t4strict_pair_a_vs_d_40_200,scalar16,direct,unverifiable,3,4.25,0.0,1.24875,1,0,0.09,0.09,0.045,0,2.901829,0.991
queued_8,network_aware,eval_142,WAN,1,wan_ad_scalar16,WAN A/D scalar16,t4strict_pair_a_vs_d_40_200,scalar16,direct,unverifiable,3,4.25,1.24875,2.49948,1,0,0.09,0.09,0.045,0,2.901829,0.966025
queued_8,network_aware,eval_143,WAN,1,wan_ad_scalar16,WAN A/D scalar16,t4strict_pair_a_vs_d_40_200,scalar16,direct,unverifiable,3,4.25,2.49948,3.74823,0,0,0.09,0.09,0.045,0,2.901829,-0.05899
queued_8,network_aware,eval_144,WAN,1,wan_ad_scalar16,WAN A/D scalar16,t4strict_pair_a_vs_d_40_200,scalar16,direct,unverifiable,3,4.25,3.74823,4.99698,1,0,0.09,0.09,0.045,0,2.901829,0.916035
queued_8,network_aware,eval_145,WAN,1,wan_ad_scalar16,WAN A/D scalar16,t4strict_pair_a_vs_d_40_200,scalar16,direct,unverifiable,3,4.5,4.74698,5.99672,1,0,0.09,0.09,0.045,0,2.901829,0.89606
queued_8,network_aware,eval_146,WAN,1,wan_ad_scalar16,WAN A/D scalar16,t4strict_pair_a_vs_d_40_200,scalar16,direct,unverifiable,3,4.5,5.99672,7.2425,1,1,0.09,0.09,0.045,0,6.357495,0.721066
queued_8,network_aware,eval_147,WAN,2,wan_ad_scalar16,WAN A/D scalar16,t4strict_pair_a_vs_d_40_200,scalar16,direct,unverifiable,3,4.5,7.2425,8.51204,1,0,0.09,0.09,0.045,0,2.901829,0.84615
queued_8,network_aware,eval_148,WAN,2,wan_ad_scalar16,WAN A/D scalar16,t4strict_pair_a_vs_d_40_200,scalar16,direct,unverifiable,3,4.5,8.51204,9.7796,1,0,0.09,0.09,0.045,0,2.901829,0.820759
queued_8,network_aware,eval_149,WAN,2,wan_ad_scalar16,WAN A/D scalar16,t4strict_pair_a_vs_d_40_200,scalar16,direct,unverifiable,3,4.5,9.7796,11.04518,0,1,0.09,0.09,0.045,0,6.357495,-0.354592
queued_8,network_aware,eval_150,WAN,1,wan_ad_scalar16,WAN A/D scalar16,t4strict_pair_a_vs_d_40_200,scalar16,direct,unverifiable,3,4.5,11.04518,12.29393,1,1,0.09,0.09,0.045,0,6.357495,0.620096
queued_8,network_aware,eval_151,WAN,1,wan_ad_scalar16,WAN A/D scalar16,t4strict_pair_a_vs_d_40_200,scalar16,direct,unverifiable,3,4.5,12.29393,13.54565,1,0,0.09,0.09,0.045,0,2.901829,0.745121
queued_8,network_aware,eval_152,WAN,1,wan_ad_scalar16,WAN A/D scalar16,t4strict_pair_a_vs_d_40_200,scalar16,direct,unverifiable,3,4.5,13.54565,14.79935,1,0,0.09,0.09,0.045,0,2.901829,0.720087
queued_8,network_aware,eval_153,WAN,1,wan_ad_scalar16,WAN A/D scalar16,t4strict_pair_a_vs_d_40_200,scalar16,direct,unverifiable,3,4.75,14.54935,15.80107,1,1,0.09,0.09,0.045,0,6.357495,0.550013
queued_8,network_aware,eval_154,WAN,1,wan_ad_scalar16,WAN A/D scalar16,t4strict_pair_a_vs_d_40_200,scalar16,direct,unverifiable,3,4.75,15.80107,17.05279,1,1,0.09,0.09,0.045,0,6.357495,0.524979
queued_8,network_aware,eval_155,WAN,1,wan_ad_scalar16,WAN A/D scalar16,t4strict_pair_a_vs_d_40_200,scalar16,direct,unverifiable,3,4.75,17.05279,18.3055,1,0,0.09,0.09,0.045,0,2.901829,0.649944
queued_8,network_aware,eval_156,WAN,1,wan_ad_scalar16,WAN A/D scalar16,t4strict_pair_a_vs_d_40_200,scalar16,direct,unverifiable,3,4.75,18.3055,19.55425,1,0,0.09,0.09,0.045,0,2.901829,0.62489
queued_8,network_aware,eval_157,WAN,2,wan_ad_scalar16,WAN A/D scalar16,t4strict_pair_a_vs_d_40_200,scalar16,direct,unverifiable,3,4.75,19.55425,20.82676,1,0,0.09,0.09,0.045,0,2.901829,0.599915
queued_8,network_aware,eval_158,WAN,2,wan_ad_scalar16,WAN A/D scalar16,t4strict_pair_a_vs_d_40_200,scalar16,direct,unverifiable,3,4.75,20.82676,22.09729,1,0,0.09,0.09,0.045,0,2.901829,0.574465
queued_8,network_aware,eval_159,WAN,2,wan_ad_scalar16,WAN A/D scalar16,t4strict_pair_a_vs_d_40_200,scalar16,direct,unverifiable,3,4.75,22.09729,23.36584,1,0,0.09,0.09,0.045,0,2.901829,0.549054
queued_8,network_aware,eval_160,WAN,1,wan_ad_scalar16,WAN A/D scalar16,t4strict_pair_a_vs_d_40_200,scalar16,direct,unverifiable,3,4.75,23.36584,24.61756,1,0,0.09,0.09,0.045,0,2.901829,0.523683
queued_8,network_aware,eval_161,WAN,2,wan_ad_scalar16,WAN A/D scalar16,t4strict_pair_a_vs_d_40_200,scalar16,direct,unverifiable,3,5.0,24.36756,25.62918,1,1,0.09,0.09,0.045,0,6.357495,0.353649
queued_8,network_aware,eval_162,WAN,2,wan_ad_scalar16,WAN A/D scalar16,t4strict_pair_a_vs_d_40_200,scalar16,direct,unverifiable,3,5.0,25.62918,26.89278,1,0,0.09,0.09,0.045,0,2.901829,0.478416
queued_8,network_aware,eval_163,WAN,2,wan_ad_scalar16,WAN A/D scalar16,t4strict_pair_a_vs_d_40_200,scalar16,direct,unverifiable,3,5.0,26.89278,28.1544,1,0,0.09,0.09,0.045,0,2.901829,0.453144
queued_8,network_aware,eval_164,WAN,2,wan_ad_scalar16,WAN A/D scalar16,t4strict_pair_a_vs_d_40_200,scalar16,direct,unverifiable,3,5.0,28.1544,29.41602,1,0,0.09,0.09,0.045,0,2.901829,0.427912
queued_8,network_aware,eval_165,WAN,2,wan_ad_scalar16,WAN A/D scalar16,t4strict_pair_a_vs_d_40_200,scalar16,direct,unverifiable,3,5.0,29.41602,30.67863,1,0,0.09,0.09,0.045,0,2.901829,0.40268
queued_8,network_aware,eval_166,WAN,1,wan_ad_scalar16,WAN A/D scalar16,t4strict_pair_a_vs_d_40_200,scalar16,direct,unverifiable,3,5.0,30.67863,31.93728,1,0,0.09,0.09,0.045,0,2.901829,0.377427
queued_8,network_aware,eval_167,WAN,3,wan_ad_scalar16,WAN A/D scalar16,t4strict_pair_a_vs_d_40_200,scalar16,direct,unverifiable,3,5.0,31.93728,33.21969,1,0,0.09,0.09,0.045,0,2.901829,0.352254
queued_8,network_aware,eval_168,WAN,3,wan_ad_scalar16,WAN A/D scalar16,t4strict_pair_a_vs_d_40_200,scalar16,direct,unverifiable,3,5.0,33.21969,34.50012,1,1,0.09,0.09,0.045,0,6.357495,0.176606
queued_8,network_aware,eval_169,WAN,3,wan_ad_scalar16,WAN A/D scalar16,t4strict_pair_a_vs_d_40_200,scalar16,direct,unverifiable,3,5.25,34.25012,35.52857,1,0,0.09,0.09,0.045,0,2.901829,0.305998
queued_8,network_aware,eval_170,WAN,2,wan_ad_scalar16,WAN A/D scalar16,t4strict_pair_a_vs_d_40_200,scalar16,direct,unverifiable,3,5.25,35.52857,36.79019,0,0,0.09,0.09,0.045,0,2.901829,-0.719571
queued_8,network_aware,eval_171,WAN,1,wan_ad_scalar16,WAN A/D scalar16,t4strict_pair_a_vs_d_40_200,scalar16,direct,unverifiable,3,5.25,36.79019,38.04884,1,0,0.09,0.09,0.045,0,2.901829,0.255196
queued_8,network_aware,eval_172,WAN,2,wan_ad_scalar16,WAN A/D scalar16,t4strict_pair_a_vs_d_40_200,scalar16,direct,unverifiable,3,5.25,38.04884,39.30947,1,0,0.09,0.09,0.045,0,2.901829,0.230023
queued_8,network_aware,eval_173,WAN,1,wan_ad_scalar16,WAN A/D scalar16,t4strict_pair_a_vs_d_40_200,scalar16,direct,unverifiable,3,5.25,39.30947,40.56812,1,0,0.09,0.09,0.045,0,2.901829,0.204811
queued_8,network_aware,eval_174,WAN,1,wan_ad_scalar16,WAN A/D scalar16,t4strict_pair_a_vs_d_40_200,scalar16,direct,unverifiable,3,5.25,40.56812,41.82677,1,0,0.09,0.09,0.045,0,2.901829,0.179638
queued_8,network_aware,eval_175,WAN,2,wan_ad_scalar16,WAN A/D scalar16,t4strict_pair_a_vs_d_40_200,scalar16,direct,unverifiable,3,5.25,41.82677,43.08641,1,0,0.09,0.09,0.045,0,2.901829,0.154465
queued_8,network_aware,eval_176,WAN,1,wan_ad_scalar16,WAN A/D scalar16,t4strict_pair_a_vs_d_40_200,scalar16,direct,unverifiable,3,5.25,43.08641,44.34209,1,0,0.09,0.09,0.045,0,2.901829,0.129272
queued_8,network_aware,eval_177,WAN,3,wan_ad_scalar16,WAN A/D scalar16,t4strict_pair_a_vs_d_40_200,scalar16,direct,unverifiable,3,5.5,44.09209,45.37153,1,0,0.09,0.09,0.045,0,2.901829,0.109158
queued_8,network_aware,eval_178,WAN,3,wan_ad_scalar16,WAN A/D scalar16,t4strict_pair_a_vs_d_40_200,scalar16,direct,unverifiable,3,5.5,45.37153,46.64899,1,0,0.09,0.09,0.045,0,2.901829,0.083569
queued_8,network_aware,eval_179,WAN,3,wan_ad_scalar16,WAN A/D scalar16,t4strict_pair_a_vs_d_40_200,scalar16,direct,unverifiable,3,5.5,46.64899,47.92447,1,0,0.09,0.09,0.045,0,2.901829,0.05802
queued_8,network_aware,eval_180,WAN,1,wan_ad_scalar16,WAN A/D scalar16,t4strict_pair_a_vs_d_40_200,scalar16,direct,unverifiable,3,5.5,47.92447,49.18312,1,0,0.09,0.09,0.045,0,2.901829,0.032511
queued_8,network_aware,eval_181,WAN,2,wan_ad_scalar16,WAN A/D scalar16,t4strict_pair_a_vs_d_40_200,scalar16,direct,unverifiable,3,5.5,49.18312,50.45068,1,0,0.09,0.09,0.045,0,2.901829,0.007338
queued_8,network_aware,eval_182,WAN,2,wan_ad_scalar16,WAN A/D scalar16,t4strict_pair_a_vs_d_40_200,scalar16,direct,unverifiable,3,5.5,50.45068,51.72022,1,0,0.09,0.09,0.045,0,2.901829,-0.018014
queued_8,network_aware,eval_183,WAN,2,wan_ad_scalar16,WAN A/D scalar16,t4strict_pair_a_vs_d_40_200,scalar16,direct,unverifiable,3,5.5,51.72022,52.98778,1,0,0.09,0.09,0.045,0,2.901829,-0.043404
queued_8,network_aware,eval_184,WAN,2,wan_ad_scalar16,WAN A/D scalar16,t4strict_pair_a_vs_d_40_200,scalar16,direct,unverifiable,3,5.5,52.98778,54.25534,1,0,0.09,0.09,0.045,0,2.901829,-0.068756
queued_8,network_aware,eval_185,WAN,2,wan_ad_scalar16,WAN A/D scalar16,t4strict_pair_a_vs_d_40_200,scalar16,direct,unverifiable,3,5.75,54.00534,55.27389,1,0,0.09,0.09,0.045,0,2.901829,-0.089107
queued_8,network_aware,eval_186,WAN,2,wan_ad_scalar16,WAN A/D scalar16,t4strict_pair_a_vs_d_40_200,scalar16,direct,unverifiable,3,5.75,55.27389,56.53848,1,0,0.09,0.09,0.045,0,2.901829,-0.114478
queued_8,network_aware,eval_187,WAN,3,wan_ad_scalar16,WAN A/D scalar16,t4strict_pair_a_vs_d_40_200,scalar16,direct,unverifiable,3,5.75,56.53848,57.82683,1,1,0.09,0.09,0.045,0,6.357495,-0.28977
queued_8,network_aware,eval_188,WAN,3,wan_ad_scalar16,WAN A/D scalar16,t4strict_pair_a_vs_d_40_200,scalar16,direct,unverifiable,3,5.75,57.82683,59.1132,1,0,0.09,0.09,0.045,0,2.901829,-0.165537
queued_8,network_aware,eval_189,WAN,3,wan_ad_scalar16,WAN A/D scalar16,t4strict_pair_a_vs_d_40_200,scalar16,direct,unverifiable,3,5.75,59.1132,60.39759,1,0,0.09,0.09,0.045,0,2.901829,-0.191264
queued_8,network_aware,eval_190,WAN,2,wan_ad_scalar16,WAN A/D scalar16,t4strict_pair_a_vs_d_40_200,scalar16,direct,unverifiable,3,5.75,60.39759,61.66515,1,0,0.09,0.09,0.045,0,2.901829,-0.216952
queued_8,network_aware,eval_191,WAN,2,wan_ad_scalar16,WAN A/D scalar16,t4strict_pair_a_vs_d_40_200,scalar16,direct,unverifiable,3,5.75,61.66515,62.93271,1,0,0.09,0.09,0.045,0,2.901829,-0.242303
queued_8,network_aware,eval_192,WAN,2,wan_ad_scalar16,WAN A/D scalar16,t4strict_pair_a_vs_d_40_200,scalar16,direct,unverifiable,3,5.75,62.93271,64.20225,1,0,0.09,0.09,0.045,0,2.901829,-0.267654
queued_8,network_aware,eval_193,WAN,2,wan_ad_scalar16,WAN A/D scalar16,t4strict_pair_a_vs_d_40_200,scalar16,direct,unverifiable,3,6.0,63.95225,65.21981,1,0,0.09,0.09,0.045,0,2.901829,-0.288045
queued_8,network_aware,eval_194,WAN,2,wan_ad_scalar16,WAN A/D scalar16,t4strict_pair_a_vs_d_40_200,scalar16,direct,unverifiable,3,6.0,65.21981,66.48737,1,1,0.09,0.09,0.045,0,6.357495,-0.463396
queued_8,network_aware,eval_195,WAN,2,wan_ad_scalar16,WAN A/D scalar16,t4strict_pair_a_vs_d_40_200,scalar16,direct,unverifiable,3,6.0,66.48737,67.75592,1,1,0.09,0.09,0.045,0,6.357495,-0.488747
queued_8,network_aware,eval_196,WAN,2,wan_ad_scalar16,WAN A/D scalar16,t4strict_pair_a_vs_d_40_200,scalar16,direct,unverifiable,3,6.0,67.75592,69.02051,1,0,0.09,0.09,0.045,0,2.901829,-0.364118
queued_8,network_aware,eval_197,WAN,3,wan_ad_scalar16,WAN A/D scalar16,t4strict_pair_a_vs_d_40_200,scalar16,direct,unverifiable,3,6.0,69.02051,70.30886,1,0,0.09,0.09,0.045,0,2.901829,-0.38941
queued_8,network_aware,eval_198,WAN,3,wan_ad_scalar16,WAN A/D scalar16,t4strict_pair_a_vs_d_40_200,scalar16,direct,unverifiable,3,6.0,70.30886,71.59523,1,0,0.09,0.09,0.045,0,2.901829,-0.415177
queued_8,network_aware,eval_199,WAN,3,wan_ad_scalar16,WAN A/D scalar16,t4strict_pair_a_vs_d_40_200,scalar16,direct,unverifiable,3,6.0,71.59523,72.87962,1,0,0.09,0.09,0.045,0,2.901829,-0.440905
queued_8,network_aware,eval_200,WAN,2,wan_ad_scalar16,WAN A/D scalar16,t4strict_pair_a_vs_d_40_200,scalar16,direct,unverifiable,3,6.0,72.87962,74.14718,1,0,0.09,0.09,0.045,0,2.901829,-0.466592
queued_8,risk_constrained,eval_001,LAN,3,lan_ab_projcos4,LAN A/B projcos4,t4strict_pair_a_vs_b_40_200,projcos4,feasible_only,low-risk,3,0.0,0.0,1.05564,1,0,0.02,0.02,0.995,1,2.852113,0.998
queued_8,risk_constrained,eval_002,LAN,3,lan_ab_projcos4,LAN A/B projcos4,t4strict_pair_a_vs_b_40_200,projcos4,feasible_only,low-risk,3,0.0,1.05564,2.11322,1,0,0.02,0.02,0.995,1,2.852113,0.976887
queued_8,risk_constrained,eval_003,LAN,3,lan_ab_projcos4,LAN A/B projcos4,t4strict_pair_a_vs_b_40_200,projcos4,feasible_only,low-risk,3,0.0,2.11322,3.16886,1,0,0.02,0.02,0.995,1,2.852113,0.955736
queued_8,risk_constrained,eval_004,LAN,3,lan_ab_projcos4,LAN A/B projcos4,t4strict_pair_a_vs_b_40_200,projcos4,feasible_only,low-risk,3,0.0,3.16886,4.2245,1,0,0.02,0.02,0.995,1,2.852113,0.934623
queued_8,risk_constrained,eval_005,LAN,3,lan_ab_projcos4,LAN A/B projcos4,t4strict_pair_a_vs_b_40_200,projcos4,feasible_only,low-risk,3,0.0,4.2245,5.28111,1,0,0.02,0.02,0.995,1,2.852113,0.91351
queued_8,risk_constrained,eval_006,LAN,2,lan_single_homo_scalar16,LAN single-node homo scalar16,single_homo,scalar16,feasible_only,low-risk,1,0.0,0.0,0.85331,1,0,0.0,0.0,1.0,1,2.634826,1.0
queued_8,risk_constrained,eval_007,LAN,3,lan_ab_projcos4,LAN A/B projcos4,t4strict_pair_a_vs_b_40_200,projcos4,feasible_only,low-risk,3,0.0,5.28111,6.35712,1,0,0.02,0.02,0.995,1,2.852113,0.892378
queued_8,risk_constrained,eval_008,LAN,3,lan_ab_projcos4,LAN A/B projcos4,t4strict_pair_a_vs_b_40_200,projcos4,feasible_only,low-risk,3,0.0,6.35712,7.43119,0,0,0.02,0.02,0.995,1,2.852113,-0.129142
queued_8,risk_constrained,eval_009,LAN,3,lan_ab_projcos4,LAN A/B projcos4,t4strict_pair_a_vs_b_40_200,projcos4,feasible_only,low-risk,3,0.25,7.18119,8.25332,1,0,0.02,0.02,0.995,1,2.852113,0.854376
queued_8,risk_constrained,eval_010,LAN,3,lan_ab_projcos4,LAN A/B projcos4,t4strict_pair_a_vs_b_40_200,projcos4,feasible_only,low-risk,3,0.25,8.25332,9.30896,1,0,0.02,0.02,0.995,1,2.852113,0.832934
queued_8,risk_constrained,eval_011,LAN,1,lan_single_homo_scalar16,LAN single-node homo scalar16,single_homo,scalar16,feasible_only,low-risk,1,0.25,0.60331,1.44318,1,0,0.0,0.0,1.0,1,2.634826,0.987934
queued_8,risk_constrained,eval_012,LAN,1,lan_single_homo_scalar16,LAN single-node homo scalar16,single_homo,scalar16,feasible_only,low-risk,1,0.25,1.44318,2.28473,1,0,0.0,0.0,1.0,1,2.634826,0.971136
queued_8,risk_constrained,eval_013,LAN,1,lan_single_homo_scalar16,LAN single-node homo scalar16,single_homo,scalar16,feasible_only,low-risk,1,0.25,2.28473,3.1246,1,0,0.0,0.0,1.0,1,2.634826,0.954305
queued_8,risk_constrained,eval_014,LAN,1,lan_single_homo_scalar16,LAN single-node homo scalar16,single_homo,scalar16,feasible_only,low-risk,1,0.25,3.1246,3.96447,1,0,0.0,0.0,1.0,1,2.634826,0.937508
queued_8,risk_constrained,eval_015,LAN,1,lan_single_homo_scalar16,LAN single-node homo scalar16,single_homo,scalar16,feasible_only,low-risk,1,0.25,3.96447,4.80518,1,0,0.0,0.0,1.0,1,2.634826,0.920711
queued_8,risk_constrained,eval_016,LAN,1,lan_single_homo_scalar16,LAN single-node homo scalar16,single_homo,scalar16,feasible_only,low-risk,1,0.25,4.80518,5.64253,1,0,0.0,0.0,1.0,1,2.634826,0.903896
queued_8,risk_constrained,eval_017,LAN,3,lan_ab_projcos4,LAN A/B projcos4,t4strict_pair_a_vs_b_40_200,projcos4,feasible_only,low-risk,3,0.5,9.05896,10.11654,1,0,0.02,0.02,0.995,1,2.852113,0.816821
queued_8,risk_constrained,eval_018,LAN,3,lan_ab_projcos4,LAN A/B projcos4,t4strict_pair_a_vs_b_40_200,projcos4,feasible_only,low-risk,3,0.5,10.11654,11.17218,1,0,0.02,0.02,0.995,1,2.852113,0.795669
queued_8,risk_constrained,eval_019,LAN,2,lan_single_homo_scalar16,LAN single-node homo scalar16,single_homo,scalar16,feasible_only,low-risk,1,0.5,5.39253,6.24668,0,0,0.0,0.0,1.0,1,2.634826,-0.107851
queued_8,risk_constrained,eval_020,LAN,1,lan_single_homo_scalar16,LAN single-node homo scalar16,single_homo,scalar16,feasible_only,low-risk,1,0.5,6.24668,7.08655,1,0,0.0,0.0,1.0,1,2.634826,0.875066
queued_8,risk_constrained,eval_021,LAN,1,lan_single_homo_scalar16,LAN single-node homo scalar16,single_homo,scalar16,feasible_only,low-risk,1,0.5,7.08655,7.91886,1,0,0.0,0.0,1.0,1,2.634826,0.858269
queued_8,risk_constrained,eval_022,LAN,1,lan_single_homo_scalar16,LAN single-node homo scalar16,single_homo,scalar16,feasible_only,low-risk,1,0.5,7.91886,8.75285,1,0,0.0,0.0,1.0,1,2.634826,0.841623
queued_8,risk_constrained,eval_023,LAN,1,lan_single_homo_scalar16,LAN single-node homo scalar16,single_homo,scalar16,feasible_only,low-risk,1,0.5,8.75285,9.58516,1,0,0.0,0.0,1.0,1,2.634826,0.824943
queued_8,risk_constrained,eval_024,LAN,1,lan_single_homo_scalar16,LAN single-node homo scalar16,single_homo,scalar16,feasible_only,low-risk,1,0.5,9.58516,10.41747,1,0,0.0,0.0,1.0,1,2.634826,0.808297
queued_8,risk_constrained,eval_025,LAN,1,lan_single_homo_scalar16,LAN single-node homo scalar16,single_homo,scalar16,feasible_only,low-risk,1,0.75,10.16747,11.00062,1,0,0.0,0.0,1.0,1,2.634826,0.796651
queued_8,risk_constrained,eval_026,LAN,1,lan_single_homo_scalar16,LAN single-node homo scalar16,single_homo,scalar16,feasible_only,low-risk,1,0.75,11.00062,11.83041,1,0,0.0,0.0,1.0,1,2.634826,0.779988
queued_8,risk_constrained,eval_027,LAN,2,lan_single_homo_scalar16,LAN single-node homo scalar16,single_homo,scalar16,feasible_only,low-risk,1,0.75,11.83041,12.68036,1,0,0.0,0.0,1.0,1,2.634826,0.763392
queued_8,risk_constrained,eval_028,LAN,2,lan_single_homo_scalar16,LAN single-node homo scalar16,single_homo,scalar16,feasible_only,low-risk,1,0.75,12.68036,13.52863,1,0,0.0,0.0,1.0,1,2.634826,0.746393
queued_8,risk_constrained,eval_029,LAN,2,lan_single_homo_scalar16,LAN single-node homo scalar16,single_homo,scalar16,feasible_only,low-risk,1,0.75,13.52863,14.37522,1,0,0.0,0.0,1.0,1,2.634826,0.729427
queued_8,risk_constrained,eval_030,LAN,1,lan_single_homo_scalar16,LAN single-node homo scalar16,single_homo,scalar16,feasible_only,low-risk,1,0.75,14.37522,15.20753,1,0,0.0,0.0,1.0,1,2.634826,0.712496
queued_8,risk_constrained,eval_031,LAN,2,lan_single_homo_scalar16,LAN single-node homo scalar16,single_homo,scalar16,feasible_only,low-risk,1,0.75,15.20753,16.05496,1,0,0.0,0.0,1.0,1,2.634826,0.695849
queued_8,risk_constrained,eval_032,LAN,2,lan_single_homo_scalar16,LAN single-node homo scalar16,single_homo,scalar16,feasible_only,low-risk,1,0.75,16.05496,16.90407,1,0,0.0,0.0,1.0,1,2.634826,0.678901
queued_8,risk_constrained,eval_033,LAN,2,lan_single_homo_scalar16,LAN single-node homo scalar16,single_homo,scalar16,feasible_only,low-risk,1,1.0,16.65407,17.5015,0,0,0.0,0.0,1.0,1,2.634826,-0.333081
queued_8,risk_constrained,eval_034,LAN,2,lan_single_homo_scalar16,LAN single-node homo scalar16,single_homo,scalar16,feasible_only,low-risk,1,1.0,17.5015,18.34893,1,0,0.0,0.0,1.0,1,2.634826,0.64997
queued_8,risk_constrained,eval_035,LAN,2,lan_single_homo_scalar16,LAN single-node homo scalar16,single_homo,scalar16,feasible_only,low-risk,1,1.0,18.34893,19.1972,0,0,0.0,0.0,1.0,1,2.634826,-0.366979
queued_8,risk_constrained,eval_036,LAN,2,lan_single_homo_scalar16,LAN single-node homo scalar16,single_homo,scalar16,feasible_only,low-risk,1,1.0,19.1972,20.04211,1,0,0.0,0.0,1.0,1,2.634826,0.616056
queued_8,risk_constrained,eval_037,LAN,3,lan_ab_projcos4,LAN A/B projcos4,t4strict_pair_a_vs_b_40_200,projcos4,feasible_only,low-risk,3,1.0,10.67218,11.73849,1,1,0.02,0.02,0.995,1,6.221807,0.634556
queued_8,risk_constrained,eval_038,LAN,3,lan_ab_projcos4,LAN A/B projcos4,t4strict_pair_a_vs_b_40_200,projcos4,feasible_only,low-risk,3,1.0,11.73849,12.80286,1,0,0.02,0.02,0.995,1,2.852113,0.76323
queued_8,risk_constrained,eval_039,LAN,3,lan_ab_projcos4,LAN A/B projcos4,t4strict_pair_a_vs_b_40_200,projcos4,feasible_only,low-risk,3,1.0,12.80286,13.86529,1,0,0.02,0.02,0.995,1,2.852113,0.741943
queued_8,risk_constrained,eval_040,LAN,2,lan_single_homo_scalar16,LAN single-node homo scalar16,single_homo,scalar16,feasible_only,low-risk,1,1.0,20.04211,20.88954,0,0,0.0,0.0,1.0,1,2.634826,-0.400842
queued_8,risk_constrained,eval_041,LAN,2,lan_single_homo_scalar16,LAN single-node homo scalar16,single_homo,scalar16,feasible_only,low-risk,1,1.25,20.63954,21.48697,0,0,0.0,0.0,1.0,1,2.634826,-0.412791
queued_8,risk_constrained,eval_042,LAN,2,lan_single_homo_scalar16,LAN single-node homo scalar16,single_homo,scalar16,feasible_only,low-risk,1,1.25,21.48697,22.33608,1,0,0.0,0.0,1.0,1,2.634826,0.570261
queued_8,risk_constrained,eval_043,LAN,2,lan_single_homo_scalar16,LAN single-node homo scalar16,single_homo,scalar16,feasible_only,low-risk,1,1.25,22.33608,23.18351,1,0,0.0,0.0,1.0,1,2.634826,0.553278
queued_8,risk_constrained,eval_044,LAN,2,lan_single_homo_scalar16,LAN single-node homo scalar16,single_homo,scalar16,feasible_only,low-risk,1,1.25,23.18351,24.03094,1,0,0.0,0.0,1.0,1,2.634826,0.53633
queued_8,risk_constrained,eval_045,LAN,2,lan_single_homo_scalar16,LAN single-node homo scalar16,single_homo,scalar16,feasible_only,low-risk,1,1.25,24.03094,24.87921,1,0,0.0,0.0,1.0,1,2.634826,0.519381
queued_8,risk_constrained,eval_046,LAN,2,lan_single_homo_scalar16,LAN single-node homo scalar16,single_homo,scalar16,feasible_only,low-risk,1,1.25,24.87921,25.72412,1,0,0.0,0.0,1.0,1,2.634826,0.502416
queued_8,risk_constrained,eval_047,LAN,3,lan_ab_projcos4,LAN A/B projcos4,t4strict_pair_a_vs_b_40_200,projcos4,feasible_only,low-risk,3,1.25,13.61529,14.6816,1,0,0.02,0.02,0.995,1,2.852113,0.725694
queued_8,risk_constrained,eval_048,LAN,3,lan_ab_projcos4,LAN A/B projcos4,t4strict_pair_a_vs_b_40_200,projcos4,feasible_only,low-risk,3,1.25,14.6816,15.74597,1,0,0.02,0.02,0.995,1,2.852113,0.704368
queued_8,risk_constrained,eval_049,LAN,3,lan_ab_projcos4,LAN A/B projcos4,t4strict_pair_a_vs_b_40_200,projcos4,feasible_only,low-risk,3,1.5,15.49597,16.5584,1,0,0.02,0.02,0.995,1,2.852113,0.688081
queued_8,risk_constrained,eval_050,LAN,2,lan_single_homo_scalar16,LAN single-node homo scalar16,single_homo,scalar16,feasible_only,low-risk,1,1.5,25.47412,26.32155,0,0,0.0,0.0,1.0,1,2.634826,-0.509482
queued_8,risk_constrained,eval_051,LAN,3,lan_ab_projcos4,LAN A/B projcos4,t4strict_pair_a_vs_b_40_200,projcos4,feasible_only,low-risk,3,1.5,16.5584,17.61501,1,0,0.02,0.02,0.995,1,2.852113,0.666832
queued_8,risk_constrained,eval_052,LAN,3,lan_ab_projcos4,LAN A/B projcos4,t4strict_pair_a_vs_b_40_200,projcos4,feasible_only,low-risk,3,1.5,17.61501,18.67356,1,0,0.02,0.02,0.995,1,2.852113,0.6457
queued_8,risk_constrained,eval_053,LAN,3,lan_ab_projcos4,LAN A/B projcos4,t4strict_pair_a_vs_b_40_200,projcos4,feasible_only,low-risk,3,1.5,18.67356,19.73017,1,0,0.02,0.02,0.995,1,2.852113,0.624529
queued_8,risk_constrained,eval_054,LAN,3,lan_ab_projcos4,LAN A/B projcos4,t4strict_pair_a_vs_b_40_200,projcos4,feasible_only,low-risk,3,1.5,19.73017,20.78678,1,0,0.02,0.02,0.995,1,2.852113,0.603397
queued_8,risk_constrained,eval_055,LAN,3,lan_ab_projcos4,LAN A/B projcos4,t4strict_pair_a_vs_b_40_200,projcos4,feasible_only,low-risk,3,1.5,20.78678,21.84436,1,0,0.02,0.02,0.995,1,2.852113,0.582264
queued_8,risk_constrained,eval_056,LAN,2,lan_single_homo_scalar16,LAN single-node homo scalar16,single_homo,scalar16,feasible_only,low-risk,1,1.5,26.32155,27.1757,1,0,0.0,0.0,1.0,1,2.634826,0.473569
queued_8,risk_constrained,eval_057,LAN,3,lan_ab_projcos4,LAN A/B projcos4,t4strict_pair_a_vs_b_40_200,projcos4,feasible_only,low-risk,3,1.75,21.59436,22.67134,1,0,0.02,0.02,0.995,1,2.852113,0.566113
queued_8,risk_constrained,eval_058,LAN,3,lan_ab_projcos4,LAN A/B projcos4,t4strict_pair_a_vs_b_40_200,projcos4,feasible_only,low-risk,3,1.75,22.67134,23.74638,1,0,0.02,0.02,0.995,1,2.852113,0.544573
queued_8,risk_constrained,eval_059,LAN,3,lan_ab_projcos4,LAN A/B projcos4,t4strict_pair_a_vs_b_40_200,projcos4,feasible_only,low-risk,3,1.75,23.74638,24.81948,1,0,0.02,0.02,0.995,1,2.852113,0.523072
queued_8,risk_constrained,eval_060,LAN,3,lan_ab_projcos4,LAN A/B projcos4,t4strict_pair_a_vs_b_40_200,projcos4,feasible_only,low-risk,3,1.75,24.81948,25.87609,1,0,0.02,0.02,0.995,1,2.852113,0.50161
queued_8,risk_constrained,eval_061,LAN,1,lan_single_homo_scalar16,LAN single-node homo scalar16,single_homo,scalar16,feasible_only,low-risk,1,1.75,26.9257,27.75801,1,0,0.0,0.0,1.0,1,2.634826,0.461486
queued_8,risk_constrained,eval_062,LAN,1,lan_single_homo_scalar16,LAN single-node homo scalar16,single_homo,scalar16,feasible_only,low-risk,1,1.75,27.75801,28.592,1,0,0.0,0.0,1.0,1,2.634826,0.44484
queued_8,risk_constrained,eval_063,LAN,1,lan_single_homo_scalar16,LAN single-node homo scalar16,single_homo,scalar16,feasible_only,low-risk,1,1.75,28.592,29.42431,1,0,0.0,0.0,1.0,1,2.634826,0.42816
queued_8,risk_constrained,eval_064,LAN,1,lan_single_homo_scalar16,LAN single-node homo scalar16,single_homo,scalar16,feasible_only,low-risk,1,1.75,29.42431,30.25662,1,0,0.0,0.0,1.0,1,2.634826,0.411514
queued_8,risk_constrained,eval_065,LAN,1,lan_single_homo_scalar16,LAN single-node homo scalar16,single_homo,scalar16,feasible_only,low-risk,1,2.0,30.00662,30.83977,1,0,0.0,0.0,1.0,1,2.634826,0.399868
queued_8,risk_constrained,eval_066,LAN,1,lan_single_homo_scalar16,LAN single-node homo scalar16,single_homo,scalar16,feasible_only,low-risk,1,2.0,30.83977,31.66956,1,0,0.0,0.0,1.0,1,2.634826,0.383205
queued_8,risk_constrained,eval_067,LAN,2,lan_single_homo_scalar16,LAN single-node homo scalar16,single_homo,scalar16,feasible_only,low-risk,1,2.0,31.66956,32.51951,1,0,0.0,0.0,1.0,1,2.634826,0.366609
queued_8,risk_constrained,eval_068,LAN,2,lan_single_homo_scalar16,LAN single-node homo scalar16,single_homo,scalar16,feasible_only,low-risk,1,2.0,32.51951,33.36778,1,0,0.0,0.0,1.0,1,2.634826,0.34961
queued_8,risk_constrained,eval_069,LAN,2,lan_single_homo_scalar16,LAN single-node homo scalar16,single_homo,scalar16,feasible_only,low-risk,1,2.0,33.36778,34.21437,1,0,0.0,0.0,1.0,1,2.634826,0.332644
queued_8,risk_constrained,eval_070,LAN,1,lan_single_homo_scalar16,LAN single-node homo scalar16,single_homo,scalar16,feasible_only,low-risk,1,2.0,34.21437,35.04668,1,0,0.0,0.0,1.0,1,2.634826,0.315713
queued_8,risk_constrained,eval_071,LAN,1,lan_single_homo_scalar16,LAN single-node homo scalar16,single_homo,scalar16,feasible_only,low-risk,1,2.0,35.04668,35.87983,1,0,0.0,0.0,1.0,1,2.634826,0.299066
queued_8,risk_constrained,eval_072,LAN,1,lan_single_homo_scalar16,LAN single-node homo scalar16,single_homo,scalar16,feasible_only,low-risk,1,2.0,35.87983,36.71466,1,0,0.0,0.0,1.0,1,2.634826,0.282403
queued_8,risk_constrained,eval_073,LAN,1,lan_single_homo_scalar16,LAN single-node homo scalar16,single_homo,scalar16,feasible_only,low-risk,1,2.25,36.46466,37.29781,1,0,0.0,0.0,1.0,1,2.634826,0.270707
queued_8,risk_constrained,eval_074,LAN,1,lan_single_homo_scalar16,LAN single-node homo scalar16,single_homo,scalar16,feasible_only,low-risk,1,2.25,37.29781,38.13096,1,0,0.0,0.0,1.0,1,2.634826,0.254044
queued_8,risk_constrained,eval_075,LAN,1,lan_single_homo_scalar16,LAN single-node homo scalar16,single_homo,scalar16,feasible_only,low-risk,1,2.25,38.13096,38.96495,1,0,0.0,0.0,1.0,1,2.634826,0.237381
queued_8,risk_constrained,eval_076,LAN,1,lan_single_homo_scalar16,LAN single-node homo scalar16,single_homo,scalar16,feasible_only,low-risk,1,2.25,38.96495,39.79558,1,0,0.0,0.0,1.0,1,2.634826,0.220701
queued_8,risk_constrained,eval_077,LAN,2,lan_single_homo_scalar16,LAN single-node homo scalar16,single_homo,scalar16,feasible_only,low-risk,1,2.25,39.79558,40.64637,1,0,0.0,0.0,1.0,1,2.634826,0.204088
queued_8,risk_constrained,eval_078,LAN,2,lan_single_homo_scalar16,LAN single-node homo scalar16,single_homo,scalar16,feasible_only,low-risk,1,2.25,40.64637,41.49548,1,0,0.0,0.0,1.0,1,2.634826,0.187073
queued_8,risk_constrained,eval_079,LAN,2,lan_single_homo_scalar16,LAN single-node homo scalar16,single_homo,scalar16,feasible_only,low-risk,1,2.25,41.49548,42.34291,0,0,0.0,0.0,1.0,1,2.634826,-0.82991
queued_8,risk_constrained,eval_080,LAN,1,lan_single_homo_scalar16,LAN single-node homo scalar16,single_homo,scalar16,feasible_only,low-risk,1,2.25,42.34291,43.17606,1,0,0.0,0.0,1.0,1,2.634826,0.153142
queued_8,risk_constrained,eval_081,LAN,1,lan_single_homo_scalar16,LAN single-node homo scalar16,single_homo,scalar16,feasible_only,low-risk,1,2.5,42.92606,43.76593,1,0,0.0,0.0,1.0,1,2.634826,0.141479
queued_8,risk_constrained,eval_082,LAN,1,lan_single_homo_scalar16,LAN single-node homo scalar16,single_homo,scalar16,feasible_only,low-risk,1,2.5,43.76593,44.60748,1,0,0.0,0.0,1.0,1,2.634826,0.124681
queued_8,risk_constrained,eval_083,LAN,1,lan_single_homo_scalar16,LAN single-node homo scalar16,single_homo,scalar16,feasible_only,low-risk,1,2.5,44.60748,45.44735,1,0,0.0,0.0,1.0,1,2.634826,0.10785
queued_8,risk_constrained,eval_084,LAN,1,lan_single_homo_scalar16,LAN single-node homo scalar16,single_homo,scalar16,feasible_only,low-risk,1,2.5,45.44735,46.28722,1,0,0.0,0.0,1.0,1,2.634826,0.091053
queued_8,risk_constrained,eval_085,LAN,1,lan_single_homo_scalar16,LAN single-node homo scalar16,single_homo,scalar16,feasible_only,low-risk,1,2.5,46.28722,47.12793,1,0,0.0,0.0,1.0,1,2.634826,0.074256
queued_8,risk_constrained,eval_086,LAN,1,lan_single_homo_scalar16,LAN single-node homo scalar16,single_homo,scalar16,feasible_only,low-risk,1,2.5,47.12793,47.96528,1,0,0.0,0.0,1.0,1,2.634826,0.057441
queued_8,risk_constrained,eval_087,LAN,3,lan_ab_projcos4,LAN A/B projcos4,t4strict_pair_a_vs_b_40_200,projcos4,feasible_only,low-risk,3,2.5,25.12609,26.18367,1,0,0.02,0.02,0.995,1,2.852113,0.495478
queued_8,risk_constrained,eval_088,LAN,3,lan_ab_projcos4,LAN A/B projcos4,t4strict_pair_a_vs_b_40_200,projcos4,feasible_only,low-risk,3,2.5,26.18367,27.23931,1,0,0.02,0.02,0.995,1,2.852113,0.474327
queued_8,risk_constrained,eval_089,LAN,2,lan_single_homo_scalar16,LAN single-node homo scalar16,single_homo,scalar16,feasible_only,low-risk,1,2.75,47.71528,48.56943,1,0,0.0,0.0,1.0,1,2.634826,0.045694
queued_8,risk_constrained,eval_090,LAN,1,lan_single_homo_scalar16,LAN single-node homo scalar16,single_homo,scalar16,feasible_only,low-risk,1,2.75,48.56943,49.4093,1,0,0.0,0.0,1.0,1,2.634826,0.028611
queued_8,risk_constrained,eval_091,LAN,1,lan_single_homo_scalar16,LAN single-node homo scalar16,single_homo,scalar16,feasible_only,low-risk,1,2.75,49.4093,50.25085,1,0,0.0,0.0,1.0,1,2.634826,0.011814
queued_8,risk_constrained,eval_092,LAN,2,lan_single_homo_scalar16,LAN single-node homo scalar16,single_homo,scalar16,feasible_only,low-risk,1,2.75,50.25085,51.09408,1,0,0.0,0.0,1.0,1,2.634826,-0.005017
queued_8,risk_constrained,eval_093,LAN,1,lan_single_homo_scalar16,LAN single-node homo scalar16,single_homo,scalar16,feasible_only,low-risk,1,2.75,51.09408,51.93563,1,0,0.0,0.0,1.0,1,2.634826,-0.021882
queued_8,risk_constrained,eval_094,LAN,1,lan_single_homo_scalar16,LAN single-node homo scalar16,single_homo,scalar16,feasible_only,low-risk,1,2.75,51.93563,52.77718,1,0,0.0,0.0,1.0,1,2.634826,-0.038713
queued_8,risk_constrained,eval_095,LAN,2,lan_single_homo_scalar16,LAN single-node homo scalar16,single_homo,scalar16,feasible_only,low-risk,1,2.75,52.77718,53.61957,1,0,0.0,0.0,1.0,1,2.634826,-0.055544
queued_8,risk_constrained,eval_096,LAN,1,lan_single_homo_scalar16,LAN single-node homo scalar16,single_homo,scalar16,feasible_only,low-risk,1,2.75,53.61957,54.4586,1,0,0.0,0.0,1.0,1,2.634826,-0.072391
queued_8,risk_constrained,eval_097,LAN,3,lan_ab_projcos4,LAN A/B projcos4,t4strict_pair_a_vs_b_40_200,projcos4,feasible_only,low-risk,3,3.0,26.73931,27.79883,1,0,0.02,0.02,0.995,1,2.852113,0.463214
queued_8,risk_constrained,eval_098,LAN,3,lan_ab_projcos4,LAN A/B projcos4,t4strict_pair_a_vs_b_40_200,projcos4,feasible_only,low-risk,3,3.0,27.79883,28.85641,1,0,0.02,0.02,0.995,1,2.852113,0.442023
queued_8,risk_constrained,eval_099,LAN,3,lan_ab_projcos4,LAN A/B projcos4,t4strict_pair_a_vs_b_40_200,projcos4,feasible_only,low-risk,3,3.0,28.85641,29.91205,1,0,0.02,0.02,0.995,1,2.852113,0.420872
queued_8,risk_constrained,eval_100,LAN,1,lan_single_homo_scalar16,LAN single-node homo scalar16,single_homo,scalar16,feasible_only,low-risk,1,3.0,54.2086,55.05015,1,0,0.0,0.0,1.0,1,2.634826,-0.084172
queued_8,risk_constrained,eval_101,LAN,1,lan_single_homo_scalar16,LAN single-node homo scalar16,single_homo,scalar16,feasible_only,low-risk,1,3.0,55.05015,55.88414,1,0,0.0,0.0,1.0,1,2.634826,-0.101003
queued_8,risk_constrained,eval_102,LAN,1,lan_single_homo_scalar16,LAN single-node homo scalar16,single_homo,scalar16,feasible_only,low-risk,1,3.0,55.88414,56.71981,1,0,0.0,0.0,1.0,1,2.634826,-0.117683
queued_8,risk_constrained,eval_103,LAN,1,lan_single_homo_scalar16,LAN single-node homo scalar16,single_homo,scalar16,feasible_only,low-risk,1,3.0,56.71981,57.5538,1,0,0.0,0.0,1.0,1,2.634826,-0.134396
queued_8,risk_constrained,eval_104,LAN,1,lan_single_homo_scalar16,LAN single-node homo scalar16,single_homo,scalar16,feasible_only,low-risk,1,3.0,57.5538,58.38779,1,0,0.0,0.0,1.0,1,2.634826,-0.151076
queued_8,risk_constrained,eval_105,LAN,1,lan_single_homo_scalar16,LAN single-node homo scalar16,single_homo,scalar16,feasible_only,low-risk,1,3.25,58.13779,58.97262,1,0,0.0,0.0,1.0,1,2.634826,-0.162756
queued_8,risk_constrained,eval_106,LAN,1,lan_single_homo_scalar16,LAN single-node homo scalar16,single_homo,scalar16,feasible_only,low-risk,1,3.25,58.97262,59.80409,1,0,0.0,0.0,1.0,1,2.634826,-0.179452
queued_8,risk_constrained,eval_107,LAN,2,lan_single_homo_scalar16,LAN single-node homo scalar16,single_homo,scalar16,feasible_only,low-risk,1,3.25,59.80409,60.65572,1,0,0.0,0.0,1.0,1,2.634826,-0.196082
queued_8,risk_constrained,eval_108,LAN,2,lan_single_homo_scalar16,LAN single-node homo scalar16,single_homo,scalar16,feasible_only,low-risk,1,3.25,60.65572,61.50567,1,0,0.0,0.0,1.0,1,2.634826,-0.213114
queued_8,risk_constrained,eval_109,LAN,2,lan_single_homo_scalar16,LAN single-node homo scalar16,single_homo,scalar16,feasible_only,low-risk,1,3.25,61.50567,62.35394,1,0,0.0,0.0,1.0,1,2.634826,-0.230113
queued_8,risk_constrained,eval_110,LAN,1,lan_single_homo_scalar16,LAN single-node homo scalar16,single_homo,scalar16,feasible_only,low-risk,1,3.25,62.35394,63.18793,1,0,0.0,0.0,1.0,1,2.634826,-0.247079
queued_8,risk_constrained,eval_111,LAN,1,lan_single_homo_scalar16,LAN single-node homo scalar16,single_homo,scalar16,feasible_only,low-risk,1,3.25,63.18793,64.02276,0,0,0.0,0.0,1.0,1,2.634826,-1.263759
queued_8,risk_constrained,eval_112,LAN,1,lan_single_homo_scalar16,LAN single-node homo scalar16,single_homo,scalar16,feasible_only,low-risk,1,3.25,64.02276,64.85927,1,0,0.0,0.0,1.0,1,2.634826,-0.280455
queued_8,risk_constrained,eval_113,LAN,1,lan_single_homo_scalar16,LAN single-node homo scalar16,single_homo,scalar16,feasible_only,low-risk,1,3.5,64.60927,65.4441,1,0,0.0,0.0,1.0,1,2.634826,-0.292185
queued_8,risk_constrained,eval_114,LAN,1,lan_single_homo_scalar16,LAN single-node homo scalar16,single_homo,scalar16,feasible_only,low-risk,1,3.5,65.4441,66.27893,1,0,0.0,0.0,1.0,1,2.634826,-0.308882
queued_8,risk_constrained,eval_115,LAN,1,lan_single_homo_scalar16,LAN single-node homo scalar16,single_homo,scalar16,feasible_only,low-risk,1,3.5,66.27893,67.1146,1,0,0.0,0.0,1.0,1,2.634826,-0.325579
queued_8,risk_constrained,eval_116,LAN,1,lan_single_homo_scalar16,LAN single-node homo scalar16,single_homo,scalar16,feasible_only,low-risk,1,3.5,67.1146,67.94691,1,0,0.0,0.0,1.0,1,2.634826,-0.342292
queued_8,risk_constrained,eval_117,LAN,2,lan_single_homo_scalar16,LAN single-node homo scalar16,single_homo,scalar16,feasible_only,low-risk,1,3.5,67.94691,68.79938,1,0,0.0,0.0,1.0,1,2.634826,-0.358938
queued_8,risk_constrained,eval_118,LAN,2,lan_single_homo_scalar16,LAN single-node homo scalar16,single_homo,scalar16,feasible_only,low-risk,1,3.5,68.79938,69.65017,1,0,0.0,0.0,1.0,1,2.634826,-0.375988
queued_8,risk_constrained,eval_119,LAN,2,lan_single_homo_scalar16,LAN single-node homo scalar16,single_homo,scalar16,feasible_only,low-risk,1,3.5,69.65017,70.49928,0,0,0.0,0.0,1.0,1,2.634826,-1.393003
queued_8,risk_constrained,eval_120,LAN,1,lan_single_homo_scalar16,LAN single-node homo scalar16,single_homo,scalar16,feasible_only,low-risk,1,3.5,70.49928,71.33411,1,0,0.0,0.0,1.0,1,2.634826,-0.409986
queued_8,risk_constrained,eval_121,LAN,1,lan_single_homo_scalar16,LAN single-node homo scalar16,single_homo,scalar16,feasible_only,low-risk,1,3.75,71.08411,71.92398,1,0,0.0,0.0,1.0,1,2.634826,-0.421682
queued_8,risk_constrained,eval_122,LAN,1,lan_single_homo_scalar16,LAN single-node homo scalar16,single_homo,scalar16,feasible_only,low-risk,1,3.75,71.92398,72.76553,1,0,0.0,0.0,1.0,1,2.634826,-0.43848
queued_8,risk_constrained,eval_123,LAN,1,lan_single_homo_scalar16,LAN single-node homo scalar16,single_homo,scalar16,feasible_only,low-risk,1,3.75,72.76553,73.6054,1,0,0.0,0.0,1.0,1,2.634826,-0.455311
queued_8,risk_constrained,eval_124,LAN,1,lan_single_homo_scalar16,LAN single-node homo scalar16,single_homo,scalar16,feasible_only,low-risk,1,3.75,73.6054,74.44527,1,0,0.0,0.0,1.0,1,2.634826,-0.472108
queued_8,risk_constrained,eval_125,LAN,1,lan_single_homo_scalar16,LAN single-node homo scalar16,single_homo,scalar16,feasible_only,low-risk,1,3.75,74.44527,75.28598,1,0,0.0,0.0,1.0,1,2.634826,-0.488905
queued_8,risk_constrained,eval_126,LAN,1,lan_single_homo_scalar16,LAN single-node homo scalar16,single_homo,scalar16,feasible_only,low-risk,1,3.75,75.28598,76.12333,1,0,0.0,0.0,1.0,1,2.634826,-0.50572
queued_8,risk_constrained,eval_127,LAN,3,lan_ab_projcos4,LAN A/B projcos4,t4strict_pair_a_vs_b_40_200,projcos4,feasible_only,low-risk,3,3.75,29.16205,30.21963,1,0,0.02,0.02,0.995,1,2.852113,0.414759
queued_8,risk_constrained,eval_128,LAN,3,lan_ab_projcos4,LAN A/B projcos4,t4strict_pair_a_vs_b_40_200,projcos4,feasible_only,low-risk,3,3.75,30.21963,31.27527,1,0,0.02,0.02,0.995,1,2.852113,0.393607
queued_8,risk_constrained,eval_129,LAN,2,lan_single_homo_scalar16,LAN single-node homo scalar16,single_homo,scalar16,feasible_only,low-risk,1,4.0,75.87333,76.72748,1,0,0.0,0.0,1.0,1,2.634826,-0.517467
queued_8,risk_constrained,eval_130,LAN,1,lan_single_homo_scalar16,LAN single-node homo scalar16,single_homo,scalar16,feasible_only,low-risk,1,4.0,76.72748,77.56735,1,0,0.0,0.0,1.0,1,2.634826,-0.53455
queued_8,risk_constrained,eval_131,LAN,2,lan_single_homo_scalar16,LAN single-node homo scalar16,single_homo,scalar16,feasible_only,low-risk,1,4.0,77.56735,78.41142,1,0,0.0,0.0,1.0,1,2.634826,-0.551347
queued_8,risk_constrained,eval_132,LAN,2,lan_single_homo_scalar16,LAN single-node homo scalar16,single_homo,scalar16,feasible_only,low-risk,1,4.0,78.41142,79.25717,1,0,0.0,0.0,1.0,1,2.634826,-0.568228
queued_8,risk_constrained,eval_133,LAN,2,lan_single_homo_scalar16,LAN single-node homo scalar16,single_homo,scalar16,feasible_only,low-risk,1,4.0,79.25717,80.10124,0,0,0.0,0.0,1.0,1,2.634826,-1.585143
queued_8,risk_constrained,eval_134,LAN,2,lan_single_homo_scalar16,LAN single-node homo scalar16,single_homo,scalar16,feasible_only,low-risk,1,4.0,80.10124,80.94531,1,0,0.0,0.0,1.0,1,2.634826,-0.602025
queued_8,risk_constrained,eval_135,LAN,2,lan_single_homo_scalar16,LAN single-node homo scalar16,single_homo,scalar16,feasible_only,low-risk,1,4.0,80.94531,81.79022,0,0,0.0,0.0,1.0,1,2.634826,-1.618906
queued_8,risk_constrained,eval_136,LAN,1,lan_single_homo_scalar16,LAN single-node homo scalar16,single_homo,scalar16,feasible_only,low-risk,1,4.0,81.79022,82.63177,1,0,0.0,0.0,1.0,1,2.634826,-0.635804
queued_8,risk_constrained,eval_137,LAN,3,lan_ab_projcos4,LAN A/B projcos4,t4strict_pair_a_vs_b_40_200,projcos4,feasible_only,low-risk,3,4.25,30.77527,31.8377,1,0,0.02,0.02,0.995,1,2.852113,0.382495
queued_8,risk_constrained,eval_138,LAN,3,lan_ab_projcos4,LAN A/B projcos4,t4strict_pair_a_vs_b_40_200,projcos4,feasible_only,low-risk,3,4.25,31.8377,32.89819,1,0,0.02,0.02,0.995,1,2.852113,0.361246
queued_8,risk_constrained,eval_139,LAN,3,lan_ab_projcos4,LAN A/B projcos4,t4strict_pair_a_vs_b_40_200,projcos4,feasible_only,low-risk,3,4.25,32.89819,33.95674,1,0,0.02,0.02,0.995,1,2.852113,0.340036
queued_8,risk_constrained,eval_140,LAN,2,lan_single_homo_scalar16,LAN single-node homo scalar16,single_homo,scalar16,feasible_only,low-risk,1,4.25,82.38177,83.22584,1,0,0.0,0.0,1.0,1,2.634826,-0.647635
queued_8,risk_constrained,eval_141,WAN,1,wan_ad_projcos4,WAN A/D projcos4,t4strict_pair_a_vs_d_40_200,projcos4,feasible_only,low-risk,3,4.25,0.0,1.24875,1,0,0.02,0.02,0.995,1,2.775853,0.998
queued_8,risk_constrained,eval_142,WAN,1,wan_ad_projcos4,WAN A/D projcos4,t4strict_pair_a_vs_d_40_200,projcos4,feasible_only,low-risk,3,4.25,1.24875,2.49948,1,0,0.02,0.02,0.995,1,2.775853,0.973025
queued_8,risk_constrained,eval_143,WAN,1,wan_ad_projcos4,WAN A/D projcos4,t4strict_pair_a_vs_d_40_200,projcos4,feasible_only,low-risk,3,4.25,2.49948,3.74823,1,0,0.02,0.02,0.995,1,2.775853,0.94801
queued_8,risk_constrained,eval_144,WAN,1,wan_ad_projcos4,WAN A/D projcos4,t4strict_pair_a_vs_d_40_200,projcos4,feasible_only,low-risk,3,4.25,3.74823,4.99698,0,0,0.02,0.02,0.995,1,2.775853,-0.076965
queued_8,risk_constrained,eval_145,WAN,1,wan_ad_projcos4,WAN A/D projcos4,t4strict_pair_a_vs_d_40_200,projcos4,feasible_only,low-risk,3,4.5,4.74698,5.99672,1,0,0.02,0.02,0.995,1,2.775853,0.90306
queued_8,risk_constrained,eval_146,WAN,1,wan_ad_projcos4,WAN A/D projcos4,t4strict_pair_a_vs_d_40_200,projcos4,feasible_only,low-risk,3,4.5,5.99672,7.2425,1,0,0.02,0.02,0.995,1,2.775853,0.878066
queued_8,risk_constrained,eval_147,WAN,2,wan_ad_projcos4,WAN A/D projcos4,t4strict_pair_a_vs_d_40_200,projcos4,feasible_only,low-risk,3,4.5,7.2425,8.51204,1,0,0.02,0.02,0.995,1,2.775853,0.85315
queued_8,risk_constrained,eval_148,WAN,2,wan_ad_projcos4,WAN A/D projcos4,t4strict_pair_a_vs_d_40_200,projcos4,feasible_only,low-risk,3,4.5,8.51204,9.7796,0,0,0.02,0.02,0.995,1,2.775853,-0.172241
queued_8,risk_constrained,eval_149,WAN,2,wan_ad_projcos4,WAN A/D projcos4,t4strict_pair_a_vs_d_40_200,projcos4,feasible_only,low-risk,3,4.5,9.7796,11.04518,1,0,0.02,0.02,0.995,1,2.775853,0.802408
queued_8,risk_constrained,eval_150,WAN,1,wan_ad_projcos4,WAN A/D projcos4,t4strict_pair_a_vs_d_40_200,projcos4,feasible_only,low-risk,3,4.5,11.04518,12.29393,1,0,0.02,0.02,0.995,1,2.775853,0.777096
queued_8,risk_constrained,eval_151,WAN,1,wan_ad_projcos4,WAN A/D projcos4,t4strict_pair_a_vs_d_40_200,projcos4,feasible_only,low-risk,3,4.5,12.29393,13.54565,1,0,0.02,0.02,0.995,1,2.775853,0.752121
queued_8,risk_constrained,eval_152,WAN,1,wan_ad_projcos4,WAN A/D projcos4,t4strict_pair_a_vs_d_40_200,projcos4,feasible_only,low-risk,3,4.5,13.54565,14.79935,1,0,0.02,0.02,0.995,1,2.775853,0.727087
queued_8,risk_constrained,eval_153,WAN,1,wan_ad_projcos4,WAN A/D projcos4,t4strict_pair_a_vs_d_40_200,projcos4,feasible_only,low-risk,3,4.75,14.54935,15.80107,1,0,0.02,0.02,0.995,1,2.775853,0.707013
queued_8,risk_constrained,eval_154,WAN,1,wan_ad_projcos4,WAN A/D projcos4,t4strict_pair_a_vs_d_40_200,projcos4,feasible_only,low-risk,3,4.75,15.80107,17.05279,1,0,0.02,0.02,0.995,1,2.775853,0.681979
queued_8,risk_constrained,eval_155,WAN,1,wan_ad_projcos4,WAN A/D projcos4,t4strict_pair_a_vs_d_40_200,projcos4,feasible_only,low-risk,3,4.75,17.05279,18.3055,1,0,0.02,0.02,0.995,1,2.775853,0.656944
queued_8,risk_constrained,eval_156,WAN,1,wan_ad_projcos4,WAN A/D projcos4,t4strict_pair_a_vs_d_40_200,projcos4,feasible_only,low-risk,3,4.75,18.3055,19.55425,1,0,0.02,0.02,0.995,1,2.775853,0.63189
queued_8,risk_constrained,eval_157,WAN,2,wan_ad_projcos4,WAN A/D projcos4,t4strict_pair_a_vs_d_40_200,projcos4,feasible_only,low-risk,3,4.75,19.55425,20.82676,1,0,0.02,0.02,0.995,1,2.775853,0.606915
queued_8,risk_constrained,eval_158,WAN,2,wan_ad_projcos4,WAN A/D projcos4,t4strict_pair_a_vs_d_40_200,projcos4,feasible_only,low-risk,3,4.75,20.82676,22.09729,1,0,0.02,0.02,0.995,1,2.775853,0.581465
queued_8,risk_constrained,eval_159,WAN,2,wan_ad_projcos4,WAN A/D projcos4,t4strict_pair_a_vs_d_40_200,projcos4,feasible_only,low-risk,3,4.75,22.09729,23.36584,1,0,0.02,0.02,0.995,1,2.775853,0.556054
queued_8,risk_constrained,eval_160,WAN,1,wan_ad_projcos4,WAN A/D projcos4,t4strict_pair_a_vs_d_40_200,projcos4,feasible_only,low-risk,3,4.75,23.36584,24.61756,1,0,0.02,0.02,0.995,1,2.775853,0.530683
queued_8,risk_constrained,eval_161,WAN,2,wan_ad_projcos4,WAN A/D projcos4,t4strict_pair_a_vs_d_40_200,projcos4,feasible_only,low-risk,3,5.0,24.36756,25.62918,1,0,0.02,0.02,0.995,1,2.775853,0.510649
queued_8,risk_constrained,eval_162,WAN,2,wan_ad_projcos4,WAN A/D projcos4,t4strict_pair_a_vs_d_40_200,projcos4,feasible_only,low-risk,3,5.0,25.62918,26.89278,1,0,0.02,0.02,0.995,1,2.775853,0.485416
queued_8,risk_constrained,eval_163,WAN,2,wan_ad_projcos4,WAN A/D projcos4,t4strict_pair_a_vs_d_40_200,projcos4,feasible_only,low-risk,3,5.0,26.89278,28.1544,1,1,0.02,0.02,0.995,1,6.145547,0.310144
queued_8,risk_constrained,eval_164,WAN,2,wan_ad_projcos4,WAN A/D projcos4,t4strict_pair_a_vs_d_40_200,projcos4,feasible_only,low-risk,3,5.0,28.1544,29.41602,1,0,0.02,0.02,0.995,1,2.775853,0.434912
queued_8,risk_constrained,eval_165,WAN,2,wan_ad_projcos4,WAN A/D projcos4,t4strict_pair_a_vs_d_40_200,projcos4,feasible_only,low-risk,3,5.0,29.41602,30.67863,1,0,0.02,0.02,0.995,1,2.775853,0.40968
queued_8,risk_constrained,eval_166,WAN,1,wan_ad_projcos4,WAN A/D projcos4,t4strict_pair_a_vs_d_40_200,projcos4,feasible_only,low-risk,3,5.0,30.67863,31.93728,1,0,0.02,0.02,0.995,1,2.775853,0.384427
queued_8,risk_constrained,eval_167,WAN,3,wan_ad_projcos4,WAN A/D projcos4,t4strict_pair_a_vs_d_40_200,projcos4,feasible_only,low-risk,3,5.0,31.93728,33.21969,1,0,0.02,0.02,0.995,1,2.775853,0.359254
queued_8,risk_constrained,eval_168,WAN,3,wan_ad_projcos4,WAN A/D projcos4,t4strict_pair_a_vs_d_40_200,projcos4,feasible_only,low-risk,3,5.0,33.21969,34.50012,1,0,0.02,0.02,0.995,1,2.775853,0.333606
queued_8,risk_constrained,eval_169,WAN,3,wan_ad_projcos4,WAN A/D projcos4,t4strict_pair_a_vs_d_40_200,projcos4,feasible_only,low-risk,3,5.25,34.25012,35.52857,1,0,0.02,0.02,0.995,1,2.775853,0.312998
queued_8,risk_constrained,eval_170,WAN,2,wan_ad_projcos4,WAN A/D projcos4,t4strict_pair_a_vs_d_40_200,projcos4,feasible_only,low-risk,3,5.25,35.52857,36.79019,1,0,0.02,0.02,0.995,1,2.775853,0.287429
queued_8,risk_constrained,eval_171,WAN,1,wan_ad_projcos4,WAN A/D projcos4,t4strict_pair_a_vs_d_40_200,projcos4,feasible_only,low-risk,3,5.25,36.79019,38.04884,1,0,0.02,0.02,0.995,1,2.775853,0.262196
queued_8,risk_constrained,eval_172,WAN,2,wan_ad_projcos4,WAN A/D projcos4,t4strict_pair_a_vs_d_40_200,projcos4,feasible_only,low-risk,3,5.25,38.04884,39.30947,0,0,0.02,0.02,0.995,1,2.775853,-0.762977
queued_8,risk_constrained,eval_173,WAN,1,wan_ad_projcos4,WAN A/D projcos4,t4strict_pair_a_vs_d_40_200,projcos4,feasible_only,low-risk,3,5.25,39.30947,40.56812,1,0,0.02,0.02,0.995,1,2.775853,0.211811
queued_8,risk_constrained,eval_174,WAN,1,wan_ad_projcos4,WAN A/D projcos4,t4strict_pair_a_vs_d_40_200,projcos4,feasible_only,low-risk,3,5.25,40.56812,41.82677,1,0,0.02,0.02,0.995,1,2.775853,0.186638
queued_8,risk_constrained,eval_175,WAN,2,wan_ad_projcos4,WAN A/D projcos4,t4strict_pair_a_vs_d_40_200,projcos4,feasible_only,low-risk,3,5.25,41.82677,43.08641,1,0,0.02,0.02,0.995,1,2.775853,0.161465
queued_8,risk_constrained,eval_176,WAN,1,wan_ad_projcos4,WAN A/D projcos4,t4strict_pair_a_vs_d_40_200,projcos4,feasible_only,low-risk,3,5.25,43.08641,44.34209,1,0,0.02,0.02,0.995,1,2.775853,0.136272
queued_8,risk_constrained,eval_177,WAN,3,wan_ad_projcos4,WAN A/D projcos4,t4strict_pair_a_vs_d_40_200,projcos4,feasible_only,low-risk,3,5.5,44.09209,45.37153,1,0,0.02,0.02,0.995,1,2.775853,0.116158
queued_8,risk_constrained,eval_178,WAN,3,wan_ad_projcos4,WAN A/D projcos4,t4strict_pair_a_vs_d_40_200,projcos4,feasible_only,low-risk,3,5.5,45.37153,46.64899,1,0,0.02,0.02,0.995,1,2.775853,0.090569
queued_8,risk_constrained,eval_179,WAN,3,wan_ad_projcos4,WAN A/D projcos4,t4strict_pair_a_vs_d_40_200,projcos4,feasible_only,low-risk,3,5.5,46.64899,47.92447,1,0,0.02,0.02,0.995,1,2.775853,0.06502
queued_8,risk_constrained,eval_180,WAN,1,wan_ad_projcos4,WAN A/D projcos4,t4strict_pair_a_vs_d_40_200,projcos4,feasible_only,low-risk,3,5.5,47.92447,49.18312,1,0,0.02,0.02,0.995,1,2.775853,0.039511
queued_8,risk_constrained,eval_181,WAN,2,wan_ad_projcos4,WAN A/D projcos4,t4strict_pair_a_vs_d_40_200,projcos4,feasible_only,low-risk,3,5.5,49.18312,50.45068,1,0,0.02,0.02,0.995,1,2.775853,0.014338
queued_8,risk_constrained,eval_182,WAN,2,wan_ad_projcos4,WAN A/D projcos4,t4strict_pair_a_vs_d_40_200,projcos4,feasible_only,low-risk,3,5.5,50.45068,51.72022,1,0,0.02,0.02,0.995,1,2.775853,-0.011014
queued_8,risk_constrained,eval_183,WAN,2,wan_ad_projcos4,WAN A/D projcos4,t4strict_pair_a_vs_d_40_200,projcos4,feasible_only,low-risk,3,5.5,51.72022,52.98778,1,0,0.02,0.02,0.995,1,2.775853,-0.036404
queued_8,risk_constrained,eval_184,WAN,2,wan_ad_projcos4,WAN A/D projcos4,t4strict_pair_a_vs_d_40_200,projcos4,feasible_only,low-risk,3,5.5,52.98778,54.25534,1,0,0.02,0.02,0.995,1,2.775853,-0.061756
queued_8,risk_constrained,eval_185,WAN,2,wan_ad_projcos4,WAN A/D projcos4,t4strict_pair_a_vs_d_40_200,projcos4,feasible_only,low-risk,3,5.75,54.00534,55.27389,1,0,0.02,0.02,0.995,1,2.775853,-0.082107
queued_8,risk_constrained,eval_186,WAN,2,wan_ad_projcos4,WAN A/D projcos4,t4strict_pair_a_vs_d_40_200,projcos4,feasible_only,low-risk,3,5.75,55.27389,56.53848,1,0,0.02,0.02,0.995,1,2.775853,-0.107478
queued_8,risk_constrained,eval_187,WAN,3,wan_ad_projcos4,WAN A/D projcos4,t4strict_pair_a_vs_d_40_200,projcos4,feasible_only,low-risk,3,5.75,56.53848,57.82683,1,0,0.02,0.02,0.995,1,2.775853,-0.13277
queued_8,risk_constrained,eval_188,WAN,3,wan_ad_projcos4,WAN A/D projcos4,t4strict_pair_a_vs_d_40_200,projcos4,feasible_only,low-risk,3,5.75,57.82683,59.1132,1,0,0.02,0.02,0.995,1,2.775853,-0.158537
queued_8,risk_constrained,eval_189,WAN,3,wan_ad_projcos4,WAN A/D projcos4,t4strict_pair_a_vs_d_40_200,projcos4,feasible_only,low-risk,3,5.75,59.1132,60.39759,1,0,0.02,0.02,0.995,1,2.775853,-0.184264
queued_8,risk_constrained,eval_190,WAN,2,wan_ad_projcos4,WAN A/D projcos4,t4strict_pair_a_vs_d_40_200,projcos4,feasible_only,low-risk,3,5.75,60.39759,61.66515,0,0,0.02,0.02,0.995,1,2.775853,-1.209952
queued_8,risk_constrained,eval_191,WAN,2,wan_ad_projcos4,WAN A/D projcos4,t4strict_pair_a_vs_d_40_200,projcos4,feasible_only,low-risk,3,5.75,61.66515,62.93271,1,0,0.02,0.02,0.995,1,2.775853,-0.235303
queued_8,risk_constrained,eval_192,WAN,2,wan_ad_projcos4,WAN A/D projcos4,t4strict_pair_a_vs_d_40_200,projcos4,feasible_only,low-risk,3,5.75,62.93271,64.20225,1,0,0.02,0.02,0.995,1,2.775853,-0.260654
queued_8,risk_constrained,eval_193,WAN,2,wan_ad_projcos4,WAN A/D projcos4,t4strict_pair_a_vs_d_40_200,projcos4,feasible_only,low-risk,3,6.0,63.95225,65.21981,1,0,0.02,0.02,0.995,1,2.775853,-0.281045
queued_8,risk_constrained,eval_194,WAN,2,wan_ad_projcos4,WAN A/D projcos4,t4strict_pair_a_vs_d_40_200,projcos4,feasible_only,low-risk,3,6.0,65.21981,66.48737,1,0,0.02,0.02,0.995,1,2.775853,-0.306396
queued_8,risk_constrained,eval_195,WAN,2,wan_ad_projcos4,WAN A/D projcos4,t4strict_pair_a_vs_d_40_200,projcos4,feasible_only,low-risk,3,6.0,66.48737,67.75592,0,0,0.02,0.02,0.995,1,2.775853,-1.331747
queued_8,risk_constrained,eval_196,WAN,2,wan_ad_projcos4,WAN A/D projcos4,t4strict_pair_a_vs_d_40_200,projcos4,feasible_only,low-risk,3,6.0,67.75592,69.02051,1,0,0.02,0.02,0.995,1,2.775853,-0.357118
queued_8,risk_constrained,eval_197,WAN,3,wan_ad_projcos4,WAN A/D projcos4,t4strict_pair_a_vs_d_40_200,projcos4,feasible_only,low-risk,3,6.0,69.02051,70.30886,0,0,0.02,0.02,0.995,1,2.775853,-1.38241
queued_8,risk_constrained,eval_198,WAN,3,wan_ad_projcos4,WAN A/D projcos4,t4strict_pair_a_vs_d_40_200,projcos4,feasible_only,low-risk,3,6.0,70.30886,71.59523,1,0,0.02,0.02,0.995,1,2.775853,-0.408177
queued_8,risk_constrained,eval_199,WAN,3,wan_ad_projcos4,WAN A/D projcos4,t4strict_pair_a_vs_d_40_200,projcos4,feasible_only,low-risk,3,6.0,71.59523,72.87962,1,0,0.02,0.02,0.995,1,2.775853,-0.433905
queued_8,risk_constrained,eval_200,WAN,2,wan_ad_projcos4,WAN A/D projcos4,t4strict_pair_a_vs_d_40_200,projcos4,feasible_only,low-risk,3,6.0,72.87962,74.14718,1,0,0.02,0.02,0.995,1,2.775853,-0.459592
queued_8,adaptive_verifier,eval_001,LAN,3,lan_ab_projcos4,LAN A/B projcos4,t4strict_pair_a_vs_b_40_200,projcos4,upgrade_verifier:t4strict_pair_a_vs_b_40_200,low-risk,3,0.0,0.0,1.05564,1,0,0.02,0.02,0.995,1,2.852113,0.998
queued_8,adaptive_verifier,eval_002,LAN,3,lan_ab_projcos4,LAN A/B projcos4,t4strict_pair_a_vs_b_40_200,projcos4,upgrade_verifier:t4strict_pair_a_vs_b_40_200,low-risk,3,0.0,1.05564,2.11322,1,0,0.02,0.02,0.995,1,2.852113,0.976887
queued_8,adaptive_verifier,eval_003,LAN,3,lan_ab_projcos4,LAN A/B projcos4,t4strict_pair_a_vs_b_40_200,projcos4,upgrade_verifier:t4strict_pair_a_vs_b_40_200,low-risk,3,0.0,2.11322,3.16886,1,0,0.02,0.02,0.995,1,2.852113,0.955736
queued_8,adaptive_verifier,eval_004,LAN,3,lan_ab_projcos4,LAN A/B projcos4,t4strict_pair_a_vs_b_40_200,projcos4,upgrade_verifier:t4strict_pair_a_vs_b_40_200,low-risk,3,0.0,3.16886,4.2245,1,0,0.02,0.02,0.995,1,2.852113,0.934623
queued_8,adaptive_verifier,eval_005,LAN,3,lan_ab_projcos4,LAN A/B projcos4,t4strict_pair_a_vs_b_40_200,projcos4,upgrade_verifier:t4strict_pair_a_vs_b_40_200,low-risk,3,0.0,4.2245,5.28111,1,0,0.02,0.02,0.995,1,2.852113,0.91351
queued_8,adaptive_verifier,eval_006,LAN,2,lan_single_homo_scalar16,LAN single-node homo scalar16,single_homo,scalar16,keep_baseline:single_homo,low-risk,1,0.0,0.0,0.85331,1,0,0.0,0.0,1.0,1,2.634826,1.0
queued_8,adaptive_verifier,eval_007,LAN,3,lan_ab_projcos4,LAN A/B projcos4,t4strict_pair_a_vs_b_40_200,projcos4,upgrade_verifier:t4strict_pair_a_vs_b_40_200,low-risk,3,0.0,5.28111,6.35712,1,0,0.02,0.02,0.995,1,2.852113,0.892378
queued_8,adaptive_verifier,eval_008,LAN,3,lan_ab_projcos4,LAN A/B projcos4,t4strict_pair_a_vs_b_40_200,projcos4,upgrade_verifier:t4strict_pair_a_vs_b_40_200,low-risk,3,0.0,6.35712,7.43119,1,0,0.02,0.02,0.995,1,2.852113,0.870858
queued_8,adaptive_verifier,eval_009,LAN,3,lan_ab_projcos4,LAN A/B projcos4,t4strict_pair_a_vs_b_40_200,projcos4,upgrade_verifier:t4strict_pair_a_vs_b_40_200,low-risk,3,0.25,7.18119,8.25332,1,0,0.02,0.02,0.995,1,2.852113,0.854376
queued_8,adaptive_verifier,eval_010,LAN,3,lan_ab_projcos4,LAN A/B projcos4,t4strict_pair_a_vs_b_40_200,projcos4,upgrade_verifier:t4strict_pair_a_vs_b_40_200,low-risk,3,0.25,8.25332,9.30896,1,0,0.02,0.02,0.995,1,2.852113,0.832934
queued_8,adaptive_verifier,eval_011,LAN,1,lan_single_homo_scalar16,LAN single-node homo scalar16,single_homo,scalar16,keep_baseline:single_homo,low-risk,1,0.25,0.60331,1.44318,1,0,0.0,0.0,1.0,1,2.634826,0.987934
queued_8,adaptive_verifier,eval_012,LAN,1,lan_single_homo_scalar16,LAN single-node homo scalar16,single_homo,scalar16,keep_baseline:single_homo,low-risk,1,0.25,1.44318,2.28473,1,0,0.0,0.0,1.0,1,2.634826,0.971136
queued_8,adaptive_verifier,eval_013,LAN,1,lan_single_homo_scalar16,LAN single-node homo scalar16,single_homo,scalar16,keep_baseline:single_homo,low-risk,1,0.25,2.28473,3.1246,1,0,0.0,0.0,1.0,1,2.634826,0.954305
queued_8,adaptive_verifier,eval_014,LAN,1,lan_single_homo_scalar16,LAN single-node homo scalar16,single_homo,scalar16,keep_baseline:single_homo,low-risk,1,0.25,3.1246,3.96447,1,0,0.0,0.0,1.0,1,2.634826,0.937508
queued_8,adaptive_verifier,eval_015,LAN,1,lan_single_homo_scalar16,LAN single-node homo scalar16,single_homo,scalar16,keep_baseline:single_homo,low-risk,1,0.25,3.96447,4.80518,1,0,0.0,0.0,1.0,1,2.634826,0.920711
queued_8,adaptive_verifier,eval_016,LAN,1,lan_single_homo_scalar16,LAN single-node homo scalar16,single_homo,scalar16,keep_baseline:single_homo,low-risk,1,0.25,4.80518,5.64253,1,0,0.0,0.0,1.0,1,2.634826,0.903896
queued_8,adaptive_verifier,eval_017,LAN,3,lan_ab_projcos4,LAN A/B projcos4,t4strict_pair_a_vs_b_40_200,projcos4,upgrade_verifier:t4strict_pair_a_vs_b_40_200,low-risk,3,0.5,9.05896,10.11654,1,0,0.02,0.02,0.995,1,2.852113,0.816821
queued_8,adaptive_verifier,eval_018,LAN,3,lan_ab_projcos4,LAN A/B projcos4,t4strict_pair_a_vs_b_40_200,projcos4,upgrade_verifier:t4strict_pair_a_vs_b_40_200,low-risk,3,0.5,10.11654,11.17218,1,0,0.02,0.02,0.995,1,2.852113,0.795669
queued_8,adaptive_verifier,eval_019,LAN,2,lan_single_homo_scalar16,LAN single-node homo scalar16,single_homo,scalar16,keep_baseline:single_homo,low-risk,1,0.5,5.39253,6.24668,0,0,0.0,0.0,1.0,1,2.634826,-0.107851
queued_8,adaptive_verifier,eval_020,LAN,1,lan_single_homo_scalar16,LAN single-node homo scalar16,single_homo,scalar16,keep_baseline:single_homo,low-risk,1,0.5,6.24668,7.08655,1,0,0.0,0.0,1.0,1,2.634826,0.875066
queued_8,adaptive_verifier,eval_021,LAN,1,lan_single_homo_scalar16,LAN single-node homo scalar16,single_homo,scalar16,keep_baseline:single_homo,low-risk,1,0.5,7.08655,7.91886,1,0,0.0,0.0,1.0,1,2.634826,0.858269
queued_8,adaptive_verifier,eval_022,LAN,1,lan_single_homo_scalar16,LAN single-node homo scalar16,single_homo,scalar16,keep_baseline:single_homo,low-risk,1,0.5,7.91886,8.75285,1,0,0.0,0.0,1.0,1,2.634826,0.841623
queued_8,adaptive_verifier,eval_023,LAN,1,lan_single_homo_scalar16,LAN single-node homo scalar16,single_homo,scalar16,keep_baseline:single_homo,low-risk,1,0.5,8.75285,9.58516,1,0,0.0,0.0,1.0,1,2.634826,0.824943
queued_8,adaptive_verifier,eval_024,LAN,1,lan_single_homo_scalar16,LAN single-node homo scalar16,single_homo,scalar16,keep_baseline:single_homo,low-risk,1,0.5,9.58516,10.41747,1,0,0.0,0.0,1.0,1,2.634826,0.808297
queued_8,adaptive_verifier,eval_025,LAN,1,lan_single_homo_scalar16,LAN single-node homo scalar16,single_homo,scalar16,keep_baseline:single_homo,low-risk,1,0.75,10.16747,11.00062,1,0,0.0,0.0,1.0,1,2.634826,0.796651
queued_8,adaptive_verifier,eval_026,LAN,1,lan_single_homo_scalar16,LAN single-node homo scalar16,single_homo,scalar16,keep_baseline:single_homo,low-risk,1,0.75,11.00062,11.83041,1,0,0.0,0.0,1.0,1,2.634826,0.779988
queued_8,adaptive_verifier,eval_027,LAN,2,lan_single_homo_scalar16,LAN single-node homo scalar16,single_homo,scalar16,keep_baseline:single_homo,low-risk,1,0.75,11.83041,12.68036,0,0,0.0,0.0,1.0,1,2.634826,-0.236608
queued_8,adaptive_verifier,eval_028,LAN,2,lan_single_homo_scalar16,LAN single-node homo scalar16,single_homo,scalar16,keep_baseline:single_homo,low-risk,1,0.75,12.68036,13.52863,1,0,0.0,0.0,1.0,1,2.634826,0.746393
queued_8,adaptive_verifier,eval_029,LAN,2,lan_single_homo_scalar16,LAN single-node homo scalar16,single_homo,scalar16,keep_baseline:single_homo,low-risk,1,0.75,13.52863,14.37522,1,0,0.0,0.0,1.0,1,2.634826,0.729427
queued_8,adaptive_verifier,eval_030,LAN,1,lan_single_homo_scalar16,LAN single-node homo scalar16,single_homo,scalar16,keep_baseline:single_homo,low-risk,1,0.75,14.37522,15.20753,1,0,0.0,0.0,1.0,1,2.634826,0.712496
queued_8,adaptive_verifier,eval_031,LAN,2,lan_single_homo_scalar16,LAN single-node homo scalar16,single_homo,scalar16,keep_baseline:single_homo,low-risk,1,0.75,15.20753,16.05496,1,0,0.0,0.0,1.0,1,2.634826,0.695849
queued_8,adaptive_verifier,eval_032,LAN,2,lan_single_homo_scalar16,LAN single-node homo scalar16,single_homo,scalar16,keep_baseline:single_homo,low-risk,1,0.75,16.05496,16.90407,1,0,0.0,0.0,1.0,1,2.634826,0.678901
queued_8,adaptive_verifier,eval_033,LAN,2,lan_single_homo_scalar16,LAN single-node homo scalar16,single_homo,scalar16,keep_baseline:single_homo,low-risk,1,1.0,16.65407,17.5015,1,0,0.0,0.0,1.0,1,2.634826,0.666919
queued_8,adaptive_verifier,eval_034,LAN,2,lan_single_homo_scalar16,LAN single-node homo scalar16,single_homo,scalar16,keep_baseline:single_homo,low-risk,1,1.0,17.5015,18.34893,1,0,0.0,0.0,1.0,1,2.634826,0.64997
queued_8,adaptive_verifier,eval_035,LAN,2,lan_single_homo_scalar16,LAN single-node homo scalar16,single_homo,scalar16,keep_baseline:single_homo,low-risk,1,1.0,18.34893,19.1972,1,0,0.0,0.0,1.0,1,2.634826,0.633021
queued_8,adaptive_verifier,eval_036,LAN,2,lan_single_homo_scalar16,LAN single-node homo scalar16,single_homo,scalar16,keep_baseline:single_homo,low-risk,1,1.0,19.1972,20.04211,1,0,0.0,0.0,1.0,1,2.634826,0.616056
queued_8,adaptive_verifier,eval_037,LAN,3,lan_ab_projcos4,LAN A/B projcos4,t4strict_pair_a_vs_b_40_200,projcos4,upgrade_verifier:t4strict_pair_a_vs_b_40_200,low-risk,3,1.0,10.67218,11.73849,1,0,0.02,0.02,0.995,1,2.852113,0.784556
queued_8,adaptive_verifier,eval_038,LAN,3,lan_ab_projcos4,LAN A/B projcos4,t4strict_pair_a_vs_b_40_200,projcos4,upgrade_verifier:t4strict_pair_a_vs_b_40_200,low-risk,3,1.0,11.73849,12.80286,1,0,0.02,0.02,0.995,1,2.852113,0.76323
queued_8,adaptive_verifier,eval_039,LAN,3,lan_ab_projcos4,LAN A/B projcos4,t4strict_pair_a_vs_b_40_200,projcos4,upgrade_verifier:t4strict_pair_a_vs_b_40_200,low-risk,3,1.0,12.80286,13.86529,1,0,0.02,0.02,0.995,1,2.852113,0.741943
queued_8,adaptive_verifier,eval_040,LAN,2,lan_single_homo_scalar16,LAN single-node homo scalar16,single_homo,scalar16,keep_baseline:single_homo,low-risk,1,1.0,20.04211,20.88954,1,0,0.0,0.0,1.0,1,2.634826,0.599158
queued_8,adaptive_verifier,eval_041,LAN,2,lan_single_homo_scalar16,LAN single-node homo scalar16,single_homo,scalar16,keep_baseline:single_homo,low-risk,1,1.25,20.63954,21.48697,1,0,0.0,0.0,1.0,1,2.634826,0.587209
queued_8,adaptive_verifier,eval_042,LAN,2,lan_single_homo_scalar16,LAN single-node homo scalar16,single_homo,scalar16,keep_baseline:single_homo,low-risk,1,1.25,21.48697,22.33608,1,0,0.0,0.0,1.0,1,2.634826,0.570261
queued_8,adaptive_verifier,eval_043,LAN,2,lan_single_homo_scalar16,LAN single-node homo scalar16,single_homo,scalar16,keep_baseline:single_homo,low-risk,1,1.25,22.33608,23.18351,1,0,0.0,0.0,1.0,1,2.634826,0.553278
queued_8,adaptive_verifier,eval_044,LAN,2,lan_single_homo_scalar16,LAN single-node homo scalar16,single_homo,scalar16,keep_baseline:single_homo,low-risk,1,1.25,23.18351,24.03094,1,0,0.0,0.0,1.0,1,2.634826,0.53633
queued_8,adaptive_verifier,eval_045,LAN,2,lan_single_homo_scalar16,LAN single-node homo scalar16,single_homo,scalar16,keep_baseline:single_homo,low-risk,1,1.25,24.03094,24.87921,1,0,0.0,0.0,1.0,1,2.634826,0.519381
queued_8,adaptive_verifier,eval_046,LAN,2,lan_single_homo_scalar16,LAN single-node homo scalar16,single_homo,scalar16,keep_baseline:single_homo,low-risk,1,1.25,24.87921,25.72412,0,0,0.0,0.0,1.0,1,2.634826,-0.497584
queued_8,adaptive_verifier,eval_047,LAN,3,lan_ab_projcos4,LAN A/B projcos4,t4strict_pair_a_vs_b_40_200,projcos4,upgrade_verifier:t4strict_pair_a_vs_b_40_200,low-risk,3,1.25,13.61529,14.6816,1,1,0.02,0.02,0.995,1,6.221807,0.575694
queued_8,adaptive_verifier,eval_048,LAN,3,lan_ab_projcos4,LAN A/B projcos4,t4strict_pair_a_vs_b_40_200,projcos4,upgrade_verifier:t4strict_pair_a_vs_b_40_200,low-risk,3,1.25,14.6816,15.74597,1,0,0.02,0.02,0.995,1,2.852113,0.704368
queued_8,adaptive_verifier,eval_049,LAN,3,lan_ab_projcos4,LAN A/B projcos4,t4strict_pair_a_vs_b_40_200,projcos4,upgrade_verifier:t4strict_pair_a_vs_b_40_200,low-risk,3,1.5,15.49597,16.5584,1,0,0.02,0.02,0.995,1,2.852113,0.688081
queued_8,adaptive_verifier,eval_050,LAN,2,lan_single_homo_scalar16,LAN single-node homo scalar16,single_homo,scalar16,keep_baseline:single_homo,low-risk,1,1.5,25.47412,26.32155,1,0,0.0,0.0,1.0,1,2.634826,0.490518
queued_8,adaptive_verifier,eval_051,LAN,3,lan_ab_projcos4,LAN A/B projcos4,t4strict_pair_a_vs_b_40_200,projcos4,upgrade_verifier:t4strict_pair_a_vs_b_40_200,low-risk,3,1.5,16.5584,17.61501,1,0,0.02,0.02,0.995,1,2.852113,0.666832
queued_8,adaptive_verifier,eval_052,LAN,3,lan_ab_projcos4,LAN A/B projcos4,t4strict_pair_a_vs_b_40_200,projcos4,upgrade_verifier:t4strict_pair_a_vs_b_40_200,low-risk,3,1.5,17.61501,18.67356,1,0,0.02,0.02,0.995,1,2.852113,0.6457
queued_8,adaptive_verifier,eval_053,LAN,3,lan_ab_projcos4,LAN A/B projcos4,t4strict_pair_a_vs_b_40_200,projcos4,upgrade_verifier:t4strict_pair_a_vs_b_40_200,low-risk,3,1.5,18.67356,19.73017,1,0,0.02,0.02,0.995,1,2.852113,0.624529
queued_8,adaptive_verifier,eval_054,LAN,3,lan_ab_projcos4,LAN A/B projcos4,t4strict_pair_a_vs_b_40_200,projcos4,upgrade_verifier:t4strict_pair_a_vs_b_40_200,low-risk,3,1.5,19.73017,20.78678,1,0,0.02,0.02,0.995,1,2.852113,0.603397
queued_8,adaptive_verifier,eval_055,LAN,3,lan_ab_projcos4,LAN A/B projcos4,t4strict_pair_a_vs_b_40_200,projcos4,upgrade_verifier:t4strict_pair_a_vs_b_40_200,low-risk,3,1.5,20.78678,21.84436,1,0,0.02,0.02,0.995,1,2.852113,0.582264
queued_8,adaptive_verifier,eval_056,LAN,2,lan_single_homo_scalar16,LAN single-node homo scalar16,single_homo,scalar16,keep_baseline:single_homo,low-risk,1,1.5,26.32155,27.1757,0,0,0.0,0.0,1.0,1,2.634826,-0.526431
queued_8,adaptive_verifier,eval_057,LAN,3,lan_ab_projcos4,LAN A/B projcos4,t4strict_pair_a_vs_b_40_200,projcos4,upgrade_verifier:t4strict_pair_a_vs_b_40_200,low-risk,3,1.75,21.59436,22.67134,1,0,0.02,0.02,0.995,1,2.852113,0.566113
queued_8,adaptive_verifier,eval_058,LAN,3,lan_ab_projcos4,LAN A/B projcos4,t4strict_pair_a_vs_b_40_200,projcos4,upgrade_verifier:t4strict_pair_a_vs_b_40_200,low-risk,3,1.75,22.67134,23.74638,1,0,0.02,0.02,0.995,1,2.852113,0.544573
queued_8,adaptive_verifier,eval_059,LAN,3,lan_ab_projcos4,LAN A/B projcos4,t4strict_pair_a_vs_b_40_200,projcos4,upgrade_verifier:t4strict_pair_a_vs_b_40_200,low-risk,3,1.75,23.74638,24.81948,1,0,0.02,0.02,0.995,1,2.852113,0.523072
queued_8,adaptive_verifier,eval_060,LAN,3,lan_ab_projcos4,LAN A/B projcos4,t4strict_pair_a_vs_b_40_200,projcos4,upgrade_verifier:t4strict_pair_a_vs_b_40_200,low-risk,3,1.75,24.81948,25.87609,1,0,0.02,0.02,0.995,1,2.852113,0.50161
queued_8,adaptive_verifier,eval_061,LAN,1,lan_single_homo_scalar16,LAN single-node homo scalar16,single_homo,scalar16,keep_baseline:single_homo,low-risk,1,1.75,26.9257,27.75801,1,0,0.0,0.0,1.0,1,2.634826,0.461486
queued_8,adaptive_verifier,eval_062,LAN,1,lan_single_homo_scalar16,LAN single-node homo scalar16,single_homo,scalar16,keep_baseline:single_homo,low-risk,1,1.75,27.75801,28.592,1,0,0.0,0.0,1.0,1,2.634826,0.44484
queued_8,adaptive_verifier,eval_063,LAN,1,lan_single_homo_scalar16,LAN single-node homo scalar16,single_homo,scalar16,keep_baseline:single_homo,low-risk,1,1.75,28.592,29.42431,1,0,0.0,0.0,1.0,1,2.634826,0.42816
queued_8,adaptive_verifier,eval_064,LAN,1,lan_single_homo_scalar16,LAN single-node homo scalar16,single_homo,scalar16,keep_baseline:single_homo,low-risk,1,1.75,29.42431,30.25662,1,0,0.0,0.0,1.0,1,2.634826,0.411514
queued_8,adaptive_verifier,eval_065,LAN,1,lan_single_homo_scalar16,LAN single-node homo scalar16,single_homo,scalar16,keep_baseline:single_homo,low-risk,1,2.0,30.00662,30.83977,1,0,0.0,0.0,1.0,1,2.634826,0.399868
queued_8,adaptive_verifier,eval_066,LAN,1,lan_single_homo_scalar16,LAN single-node homo scalar16,single_homo,scalar16,keep_baseline:single_homo,low-risk,1,2.0,30.83977,31.66956,1,0,0.0,0.0,1.0,1,2.634826,0.383205
queued_8,adaptive_verifier,eval_067,LAN,2,lan_single_homo_scalar16,LAN single-node homo scalar16,single_homo,scalar16,keep_baseline:single_homo,low-risk,1,2.0,31.66956,32.51951,0,0,0.0,0.0,1.0,1,2.634826,-0.633391
queued_8,adaptive_verifier,eval_068,LAN,2,lan_single_homo_scalar16,LAN single-node homo scalar16,single_homo,scalar16,keep_baseline:single_homo,low-risk,1,2.0,32.51951,33.36778,1,0,0.0,0.0,1.0,1,2.634826,0.34961
queued_8,adaptive_verifier,eval_069,LAN,2,lan_single_homo_scalar16,LAN single-node homo scalar16,single_homo,scalar16,keep_baseline:single_homo,low-risk,1,2.0,33.36778,34.21437,1,0,0.0,0.0,1.0,1,2.634826,0.332644
queued_8,adaptive_verifier,eval_070,LAN,1,lan_single_homo_scalar16,LAN single-node homo scalar16,single_homo,scalar16,keep_baseline:single_homo,low-risk,1,2.0,34.21437,35.04668,0,0,0.0,0.0,1.0,1,2.634826,-0.684287
queued_8,adaptive_verifier,eval_071,LAN,1,lan_single_homo_scalar16,LAN single-node homo scalar16,single_homo,scalar16,keep_baseline:single_homo,low-risk,1,2.0,35.04668,35.87983,1,0,0.0,0.0,1.0,1,2.634826,0.299066
queued_8,adaptive_verifier,eval_072,LAN,1,lan_single_homo_scalar16,LAN single-node homo scalar16,single_homo,scalar16,keep_baseline:single_homo,low-risk,1,2.0,35.87983,36.71466,1,0,0.0,0.0,1.0,1,2.634826,0.282403
queued_8,adaptive_verifier,eval_073,LAN,1,lan_single_homo_scalar16,LAN single-node homo scalar16,single_homo,scalar16,keep_baseline:single_homo,low-risk,1,2.25,36.46466,37.29781,1,0,0.0,0.0,1.0,1,2.634826,0.270707
queued_8,adaptive_verifier,eval_074,LAN,1,lan_single_homo_scalar16,LAN single-node homo scalar16,single_homo,scalar16,keep_baseline:single_homo,low-risk,1,2.25,37.29781,38.13096,1,0,0.0,0.0,1.0,1,2.634826,0.254044
queued_8,adaptive_verifier,eval_075,LAN,1,lan_single_homo_scalar16,LAN single-node homo scalar16,single_homo,scalar16,keep_baseline:single_homo,low-risk,1,2.25,38.13096,38.96495,1,0,0.0,0.0,1.0,1,2.634826,0.237381
queued_8,adaptive_verifier,eval_076,LAN,1,lan_single_homo_scalar16,LAN single-node homo scalar16,single_homo,scalar16,keep_baseline:single_homo,low-risk,1,2.25,38.96495,39.79558,1,0,0.0,0.0,1.0,1,2.634826,0.220701
queued_8,adaptive_verifier,eval_077,LAN,2,lan_single_homo_scalar16,LAN single-node homo scalar16,single_homo,scalar16,keep_baseline:single_homo,low-risk,1,2.25,39.79558,40.64637,1,0,0.0,0.0,1.0,1,2.634826,0.204088
queued_8,adaptive_verifier,eval_078,LAN,2,lan_single_homo_scalar16,LAN single-node homo scalar16,single_homo,scalar16,keep_baseline:single_homo,low-risk,1,2.25,40.64637,41.49548,0,0,0.0,0.0,1.0,1,2.634826,-0.812927
queued_8,adaptive_verifier,eval_079,LAN,2,lan_single_homo_scalar16,LAN single-node homo scalar16,single_homo,scalar16,keep_baseline:single_homo,low-risk,1,2.25,41.49548,42.34291,1,0,0.0,0.0,1.0,1,2.634826,0.17009
queued_8,adaptive_verifier,eval_080,LAN,1,lan_single_homo_scalar16,LAN single-node homo scalar16,single_homo,scalar16,keep_baseline:single_homo,low-risk,1,2.25,42.34291,43.17606,1,0,0.0,0.0,1.0,1,2.634826,0.153142
queued_8,adaptive_verifier,eval_081,LAN,1,lan_single_homo_scalar16,LAN single-node homo scalar16,single_homo,scalar16,keep_baseline:single_homo,low-risk,1,2.5,42.92606,43.76593,1,0,0.0,0.0,1.0,1,2.634826,0.141479
queued_8,adaptive_verifier,eval_082,LAN,1,lan_single_homo_scalar16,LAN single-node homo scalar16,single_homo,scalar16,keep_baseline:single_homo,low-risk,1,2.5,43.76593,44.60748,1,0,0.0,0.0,1.0,1,2.634826,0.124681
queued_8,adaptive_verifier,eval_083,LAN,1,lan_single_homo_scalar16,LAN single-node homo scalar16,single_homo,scalar16,keep_baseline:single_homo,low-risk,1,2.5,44.60748,45.44735,1,0,0.0,0.0,1.0,1,2.634826,0.10785
queued_8,adaptive_verifier,eval_084,LAN,1,lan_single_homo_scalar16,LAN single-node homo scalar16,single_homo,scalar16,keep_baseline:single_homo,low-risk,1,2.5,45.44735,46.28722,1,0,0.0,0.0,1.0,1,2.634826,0.091053
queued_8,adaptive_verifier,eval_085,LAN,1,lan_single_homo_scalar16,LAN single-node homo scalar16,single_homo,scalar16,keep_baseline:single_homo,low-risk,1,2.5,46.28722,47.12793,1,0,0.0,0.0,1.0,1,2.634826,0.074256
queued_8,adaptive_verifier,eval_086,LAN,1,lan_single_homo_scalar16,LAN single-node homo scalar16,single_homo,scalar16,keep_baseline:single_homo,low-risk,1,2.5,47.12793,47.96528,1,0,0.0,0.0,1.0,1,2.634826,0.057441
queued_8,adaptive_verifier,eval_087,LAN,3,lan_ab_projcos4,LAN A/B projcos4,t4strict_pair_a_vs_b_40_200,projcos4,upgrade_verifier:t4strict_pair_a_vs_b_40_200,low-risk,3,2.5,25.12609,26.18367,1,0,0.02,0.02,0.995,1,2.852113,0.495478
queued_8,adaptive_verifier,eval_088,LAN,3,lan_ab_projcos4,LAN A/B projcos4,t4strict_pair_a_vs_b_40_200,projcos4,upgrade_verifier:t4strict_pair_a_vs_b_40_200,low-risk,3,2.5,26.18367,27.23931,1,0,0.02,0.02,0.995,1,2.852113,0.474327
queued_8,adaptive_verifier,eval_089,LAN,2,lan_single_homo_scalar16,LAN single-node homo scalar16,single_homo,scalar16,keep_baseline:single_homo,low-risk,1,2.75,47.71528,48.56943,1,0,0.0,0.0,1.0,1,2.634826,0.045694
queued_8,adaptive_verifier,eval_090,LAN,1,lan_single_homo_scalar16,LAN single-node homo scalar16,single_homo,scalar16,keep_baseline:single_homo,low-risk,1,2.75,48.56943,49.4093,1,0,0.0,0.0,1.0,1,2.634826,0.028611
queued_8,adaptive_verifier,eval_091,LAN,1,lan_single_homo_scalar16,LAN single-node homo scalar16,single_homo,scalar16,keep_baseline:single_homo,low-risk,1,2.75,49.4093,50.25085,1,0,0.0,0.0,1.0,1,2.634826,0.011814
queued_8,adaptive_verifier,eval_092,LAN,2,lan_single_homo_scalar16,LAN single-node homo scalar16,single_homo,scalar16,keep_baseline:single_homo,low-risk,1,2.75,50.25085,51.09408,1,0,0.0,0.0,1.0,1,2.634826,-0.005017
queued_8,adaptive_verifier,eval_093,LAN,1,lan_single_homo_scalar16,LAN single-node homo scalar16,single_homo,scalar16,keep_baseline:single_homo,low-risk,1,2.75,51.09408,51.93563,1,0,0.0,0.0,1.0,1,2.634826,-0.021882
queued_8,adaptive_verifier,eval_094,LAN,1,lan_single_homo_scalar16,LAN single-node homo scalar16,single_homo,scalar16,keep_baseline:single_homo,low-risk,1,2.75,51.93563,52.77718,1,0,0.0,0.0,1.0,1,2.634826,-0.038713
queued_8,adaptive_verifier,eval_095,LAN,2,lan_single_homo_scalar16,LAN single-node homo scalar16,single_homo,scalar16,keep_baseline:single_homo,low-risk,1,2.75,52.77718,53.61957,0,0,0.0,0.0,1.0,1,2.634826,-1.055544
queued_8,adaptive_verifier,eval_096,LAN,1,lan_single_homo_scalar16,LAN single-node homo scalar16,single_homo,scalar16,keep_baseline:single_homo,low-risk,1,2.75,53.61957,54.4586,1,0,0.0,0.0,1.0,1,2.634826,-0.072391
queued_8,adaptive_verifier,eval_097,LAN,3,lan_ab_projcos4,LAN A/B projcos4,t4strict_pair_a_vs_b_40_200,projcos4,upgrade_verifier:t4strict_pair_a_vs_b_40_200,low-risk,3,3.0,26.73931,27.79883,1,0,0.02,0.02,0.995,1,2.852113,0.463214
queued_8,adaptive_verifier,eval_098,LAN,3,lan_ab_projcos4,LAN A/B projcos4,t4strict_pair_a_vs_b_40_200,projcos4,upgrade_verifier:t4strict_pair_a_vs_b_40_200,low-risk,3,3.0,27.79883,28.85641,1,0,0.02,0.02,0.995,1,2.852113,0.442023
queued_8,adaptive_verifier,eval_099,LAN,3,lan_ab_projcos4,LAN A/B projcos4,t4strict_pair_a_vs_b_40_200,projcos4,upgrade_verifier:t4strict_pair_a_vs_b_40_200,low-risk,3,3.0,28.85641,29.91205,1,0,0.02,0.02,0.995,1,2.852113,0.420872
queued_8,adaptive_verifier,eval_100,LAN,1,lan_single_homo_scalar16,LAN single-node homo scalar16,single_homo,scalar16,keep_baseline:single_homo,low-risk,1,3.0,54.2086,55.05015,1,0,0.0,0.0,1.0,1,2.634826,-0.084172
queued_8,adaptive_verifier,eval_101,LAN,1,lan_single_homo_scalar16,LAN single-node homo scalar16,single_homo,scalar16,keep_baseline:single_homo,low-risk,1,3.0,55.05015,55.88414,1,0,0.0,0.0,1.0,1,2.634826,-0.101003
queued_8,adaptive_verifier,eval_102,LAN,1,lan_single_homo_scalar16,LAN single-node homo scalar16,single_homo,scalar16,keep_baseline:single_homo,low-risk,1,3.0,55.88414,56.71981,1,0,0.0,0.0,1.0,1,2.634826,-0.117683
queued_8,adaptive_verifier,eval_103,LAN,1,lan_single_homo_scalar16,LAN single-node homo scalar16,single_homo,scalar16,keep_baseline:single_homo,low-risk,1,3.0,56.71981,57.5538,1,0,0.0,0.0,1.0,1,2.634826,-0.134396
queued_8,adaptive_verifier,eval_104,LAN,1,lan_single_homo_scalar16,LAN single-node homo scalar16,single_homo,scalar16,keep_baseline:single_homo,low-risk,1,3.0,57.5538,58.38779,1,0,0.0,0.0,1.0,1,2.634826,-0.151076
queued_8,adaptive_verifier,eval_105,LAN,1,lan_single_homo_scalar16,LAN single-node homo scalar16,single_homo,scalar16,keep_baseline:single_homo,low-risk,1,3.25,58.13779,58.97262,1,0,0.0,0.0,1.0,1,2.634826,-0.162756
queued_8,adaptive_verifier,eval_106,LAN,1,lan_single_homo_scalar16,LAN single-node homo scalar16,single_homo,scalar16,keep_baseline:single_homo,low-risk,1,3.25,58.97262,59.80409,1,0,0.0,0.0,1.0,1,2.634826,-0.179452
queued_8,adaptive_verifier,eval_107,LAN,2,lan_single_homo_scalar16,LAN single-node homo scalar16,single_homo,scalar16,keep_baseline:single_homo,low-risk,1,3.25,59.80409,60.65572,0,0,0.0,0.0,1.0,1,2.634826,-1.196082
queued_8,adaptive_verifier,eval_108,LAN,2,lan_single_homo_scalar16,LAN single-node homo scalar16,single_homo,scalar16,keep_baseline:single_homo,low-risk,1,3.25,60.65572,61.50567,0,0,0.0,0.0,1.0,1,2.634826,-1.213114
queued_8,adaptive_verifier,eval_109,LAN,2,lan_single_homo_scalar16,LAN single-node homo scalar16,single_homo,scalar16,keep_baseline:single_homo,low-risk,1,3.25,61.50567,62.35394,1,0,0.0,0.0,1.0,1,2.634826,-0.230113
queued_8,adaptive_verifier,eval_110,LAN,1,lan_single_homo_scalar16,LAN single-node homo scalar16,single_homo,scalar16,keep_baseline:single_homo,low-risk,1,3.25,62.35394,63.18793,1,0,0.0,0.0,1.0,1,2.634826,-0.247079
queued_8,adaptive_verifier,eval_111,LAN,1,lan_single_homo_scalar16,LAN single-node homo scalar16,single_homo,scalar16,keep_baseline:single_homo,low-risk,1,3.25,63.18793,64.02276,1,0,0.0,0.0,1.0,1,2.634826,-0.263759
queued_8,adaptive_verifier,eval_112,LAN,1,lan_single_homo_scalar16,LAN single-node homo scalar16,single_homo,scalar16,keep_baseline:single_homo,low-risk,1,3.25,64.02276,64.85927,1,0,0.0,0.0,1.0,1,2.634826,-0.280455
queued_8,adaptive_verifier,eval_113,LAN,1,lan_single_homo_scalar16,LAN single-node homo scalar16,single_homo,scalar16,keep_baseline:single_homo,low-risk,1,3.5,64.60927,65.4441,1,0,0.0,0.0,1.0,1,2.634826,-0.292185
queued_8,adaptive_verifier,eval_114,LAN,1,lan_single_homo_scalar16,LAN single-node homo scalar16,single_homo,scalar16,keep_baseline:single_homo,low-risk,1,3.5,65.4441,66.27893,1,0,0.0,0.0,1.0,1,2.634826,-0.308882
queued_8,adaptive_verifier,eval_115,LAN,1,lan_single_homo_scalar16,LAN single-node homo scalar16,single_homo,scalar16,keep_baseline:single_homo,low-risk,1,3.5,66.27893,67.1146,1,0,0.0,0.0,1.0,1,2.634826,-0.325579
queued_8,adaptive_verifier,eval_116,LAN,1,lan_single_homo_scalar16,LAN single-node homo scalar16,single_homo,scalar16,keep_baseline:single_homo,low-risk,1,3.5,67.1146,67.94691,1,0,0.0,0.0,1.0,1,2.634826,-0.342292
queued_8,adaptive_verifier,eval_117,LAN,2,lan_single_homo_scalar16,LAN single-node homo scalar16,single_homo,scalar16,keep_baseline:single_homo,low-risk,1,3.5,67.94691,68.79938,1,0,0.0,0.0,1.0,1,2.634826,-0.358938
queued_8,adaptive_verifier,eval_118,LAN,2,lan_single_homo_scalar16,LAN single-node homo scalar16,single_homo,scalar16,keep_baseline:single_homo,low-risk,1,3.5,68.79938,69.65017,1,0,0.0,0.0,1.0,1,2.634826,-0.375988
queued_8,adaptive_verifier,eval_119,LAN,2,lan_single_homo_scalar16,LAN single-node homo scalar16,single_homo,scalar16,keep_baseline:single_homo,low-risk,1,3.5,69.65017,70.49928,0,0,0.0,0.0,1.0,1,2.634826,-1.393003
queued_8,adaptive_verifier,eval_120,LAN,1,lan_single_homo_scalar16,LAN single-node homo scalar16,single_homo,scalar16,keep_baseline:single_homo,low-risk,1,3.5,70.49928,71.33411,1,0,0.0,0.0,1.0,1,2.634826,-0.409986
queued_8,adaptive_verifier,eval_121,LAN,1,lan_single_homo_scalar16,LAN single-node homo scalar16,single_homo,scalar16,keep_baseline:single_homo,low-risk,1,3.75,71.08411,71.92398,1,0,0.0,0.0,1.0,1,2.634826,-0.421682
queued_8,adaptive_verifier,eval_122,LAN,1,lan_single_homo_scalar16,LAN single-node homo scalar16,single_homo,scalar16,keep_baseline:single_homo,low-risk,1,3.75,71.92398,72.76553,1,0,0.0,0.0,1.0,1,2.634826,-0.43848
queued_8,adaptive_verifier,eval_123,LAN,1,lan_single_homo_scalar16,LAN single-node homo scalar16,single_homo,scalar16,keep_baseline:single_homo,low-risk,1,3.75,72.76553,73.6054,1,0,0.0,0.0,1.0,1,2.634826,-0.455311
queued_8,adaptive_verifier,eval_124,LAN,1,lan_single_homo_scalar16,LAN single-node homo scalar16,single_homo,scalar16,keep_baseline:single_homo,low-risk,1,3.75,73.6054,74.44527,1,0,0.0,0.0,1.0,1,2.634826,-0.472108
queued_8,adaptive_verifier,eval_125,LAN,1,lan_single_homo_scalar16,LAN single-node homo scalar16,single_homo,scalar16,keep_baseline:single_homo,low-risk,1,3.75,74.44527,75.28598,1,0,0.0,0.0,1.0,1,2.634826,-0.488905
queued_8,adaptive_verifier,eval_126,LAN,1,lan_single_homo_scalar16,LAN single-node homo scalar16,single_homo,scalar16,keep_baseline:single_homo,low-risk,1,3.75,75.28598,76.12333,1,0,0.0,0.0,1.0,1,2.634826,-0.50572
queued_8,adaptive_verifier,eval_127,LAN,3,lan_ab_projcos4,LAN A/B projcos4,t4strict_pair_a_vs_b_40_200,projcos4,upgrade_verifier:t4strict_pair_a_vs_b_40_200,low-risk,3,3.75,29.16205,30.21963,1,0,0.02,0.02,0.995,1,2.852113,0.414759
queued_8,adaptive_verifier,eval_128,LAN,3,lan_ab_projcos4,LAN A/B projcos4,t4strict_pair_a_vs_b_40_200,projcos4,upgrade_verifier:t4strict_pair_a_vs_b_40_200,low-risk,3,3.75,30.21963,31.27527,1,0,0.02,0.02,0.995,1,2.852113,0.393607
queued_8,adaptive_verifier,eval_129,LAN,2,lan_single_homo_scalar16,LAN single-node homo scalar16,single_homo,scalar16,keep_baseline:single_homo,low-risk,1,4.0,75.87333,76.72748,1,0,0.0,0.0,1.0,1,2.634826,-0.517467
queued_8,adaptive_verifier,eval_130,LAN,1,lan_single_homo_scalar16,LAN single-node homo scalar16,single_homo,scalar16,keep_baseline:single_homo,low-risk,1,4.0,76.72748,77.56735,1,0,0.0,0.0,1.0,1,2.634826,-0.53455
queued_8,adaptive_verifier,eval_131,LAN,2,lan_single_homo_scalar16,LAN single-node homo scalar16,single_homo,scalar16,keep_baseline:single_homo,low-risk,1,4.0,77.56735,78.41142,1,0,0.0,0.0,1.0,1,2.634826,-0.551347
queued_8,adaptive_verifier,eval_132,LAN,2,lan_single_homo_scalar16,LAN single-node homo scalar16,single_homo,scalar16,keep_baseline:single_homo,low-risk,1,4.0,78.41142,79.25717,1,0,0.0,0.0,1.0,1,2.634826,-0.568228
queued_8,adaptive_verifier,eval_133,LAN,2,lan_single_homo_scalar16,LAN single-node homo scalar16,single_homo,scalar16,keep_baseline:single_homo,low-risk,1,4.0,79.25717,80.10124,1,0,0.0,0.0,1.0,1,2.634826,-0.585143
queued_8,adaptive_verifier,eval_134,LAN,2,lan_single_homo_scalar16,LAN single-node homo scalar16,single_homo,scalar16,keep_baseline:single_homo,low-risk,1,4.0,80.10124,80.94531,1,0,0.0,0.0,1.0,1,2.634826,-0.602025
queued_8,adaptive_verifier,eval_135,LAN,2,lan_single_homo_scalar16,LAN single-node homo scalar16,single_homo,scalar16,keep_baseline:single_homo,low-risk,1,4.0,80.94531,81.79022,1,0,0.0,0.0,1.0,1,2.634826,-0.618906
queued_8,adaptive_verifier,eval_136,LAN,1,lan_single_homo_scalar16,LAN single-node homo scalar16,single_homo,scalar16,keep_baseline:single_homo,low-risk,1,4.0,81.79022,82.63177,1,0,0.0,0.0,1.0,1,2.634826,-0.635804
queued_8,adaptive_verifier,eval_137,LAN,3,lan_ab_projcos4,LAN A/B projcos4,t4strict_pair_a_vs_b_40_200,projcos4,upgrade_verifier:t4strict_pair_a_vs_b_40_200,low-risk,3,4.25,30.77527,31.8377,1,0,0.02,0.02,0.995,1,2.852113,0.382495
queued_8,adaptive_verifier,eval_138,LAN,3,lan_ab_projcos4,LAN A/B projcos4,t4strict_pair_a_vs_b_40_200,projcos4,upgrade_verifier:t4strict_pair_a_vs_b_40_200,low-risk,3,4.25,31.8377,32.89819,1,0,0.02,0.02,0.995,1,2.852113,0.361246
queued_8,adaptive_verifier,eval_139,LAN,3,lan_ab_projcos4,LAN A/B projcos4,t4strict_pair_a_vs_b_40_200,projcos4,upgrade_verifier:t4strict_pair_a_vs_b_40_200,low-risk,3,4.25,32.89819,33.95674,1,0,0.02,0.02,0.995,1,2.852113,0.340036
queued_8,adaptive_verifier,eval_140,LAN,2,lan_single_homo_scalar16,LAN single-node homo scalar16,single_homo,scalar16,keep_baseline:single_homo,low-risk,1,4.25,82.38177,83.22584,1,0,0.0,0.0,1.0,1,2.634826,-0.647635
queued_8,adaptive_verifier,eval_141,WAN,1,wan_ad_projcos4,WAN A/D projcos4,t4strict_pair_a_vs_d_40_200,projcos4,upgrade_verifier:t4strict_pair_a_vs_d_40_200,low-risk,3,4.25,0.0,1.24875,1,0,0.02,0.02,0.995,1,2.775853,0.998
queued_8,adaptive_verifier,eval_142,WAN,1,wan_ad_projcos4,WAN A/D projcos4,t4strict_pair_a_vs_d_40_200,projcos4,upgrade_verifier:t4strict_pair_a_vs_d_40_200,low-risk,3,4.25,1.24875,2.49948,1,0,0.02,0.02,0.995,1,2.775853,0.973025
queued_8,adaptive_verifier,eval_143,WAN,1,wan_ad_projcos4,WAN A/D projcos4,t4strict_pair_a_vs_d_40_200,projcos4,upgrade_verifier:t4strict_pair_a_vs_d_40_200,low-risk,3,4.25,2.49948,3.74823,1,0,0.02,0.02,0.995,1,2.775853,0.94801
queued_8,adaptive_verifier,eval_144,WAN,1,wan_ad_projcos4,WAN A/D projcos4,t4strict_pair_a_vs_d_40_200,projcos4,upgrade_verifier:t4strict_pair_a_vs_d_40_200,low-risk,3,4.25,3.74823,4.99698,1,0,0.02,0.02,0.995,1,2.775853,0.923035
queued_8,adaptive_verifier,eval_145,WAN,1,wan_ad_projcos4,WAN A/D projcos4,t4strict_pair_a_vs_d_40_200,projcos4,upgrade_verifier:t4strict_pair_a_vs_d_40_200,low-risk,3,4.5,4.74698,5.99672,1,0,0.02,0.02,0.995,1,2.775853,0.90306
queued_8,adaptive_verifier,eval_146,WAN,1,wan_ad_projcos4,WAN A/D projcos4,t4strict_pair_a_vs_d_40_200,projcos4,upgrade_verifier:t4strict_pair_a_vs_d_40_200,low-risk,3,4.5,5.99672,7.2425,1,0,0.02,0.02,0.995,1,2.775853,0.878066
queued_8,adaptive_verifier,eval_147,WAN,2,wan_ad_projcos4,WAN A/D projcos4,t4strict_pair_a_vs_d_40_200,projcos4,upgrade_verifier:t4strict_pair_a_vs_d_40_200,low-risk,3,4.5,7.2425,8.51204,1,0,0.02,0.02,0.995,1,2.775853,0.85315
queued_8,adaptive_verifier,eval_148,WAN,2,wan_ad_projcos4,WAN A/D projcos4,t4strict_pair_a_vs_d_40_200,projcos4,upgrade_verifier:t4strict_pair_a_vs_d_40_200,low-risk,3,4.5,8.51204,9.7796,1,0,0.02,0.02,0.995,1,2.775853,0.827759
queued_8,adaptive_verifier,eval_149,WAN,2,wan_ad_projcos4,WAN A/D projcos4,t4strict_pair_a_vs_d_40_200,projcos4,upgrade_verifier:t4strict_pair_a_vs_d_40_200,low-risk,3,4.5,9.7796,11.04518,1,0,0.02,0.02,0.995,1,2.775853,0.802408
queued_8,adaptive_verifier,eval_150,WAN,1,wan_ad_projcos4,WAN A/D projcos4,t4strict_pair_a_vs_d_40_200,projcos4,upgrade_verifier:t4strict_pair_a_vs_d_40_200,low-risk,3,4.5,11.04518,12.29393,1,0,0.02,0.02,0.995,1,2.775853,0.777096
queued_8,adaptive_verifier,eval_151,WAN,1,wan_ad_projcos4,WAN A/D projcos4,t4strict_pair_a_vs_d_40_200,projcos4,upgrade_verifier:t4strict_pair_a_vs_d_40_200,low-risk,3,4.5,12.29393,13.54565,1,0,0.02,0.02,0.995,1,2.775853,0.752121
queued_8,adaptive_verifier,eval_152,WAN,1,wan_ad_projcos4,WAN A/D projcos4,t4strict_pair_a_vs_d_40_200,projcos4,upgrade_verifier:t4strict_pair_a_vs_d_40_200,low-risk,3,4.5,13.54565,14.79935,1,0,0.02,0.02,0.995,1,2.775853,0.727087
queued_8,adaptive_verifier,eval_153,WAN,1,wan_ad_projcos4,WAN A/D projcos4,t4strict_pair_a_vs_d_40_200,projcos4,upgrade_verifier:t4strict_pair_a_vs_d_40_200,low-risk,3,4.75,14.54935,15.80107,1,0,0.02,0.02,0.995,1,2.775853,0.707013
queued_8,adaptive_verifier,eval_154,WAN,1,wan_ad_projcos4,WAN A/D projcos4,t4strict_pair_a_vs_d_40_200,projcos4,upgrade_verifier:t4strict_pair_a_vs_d_40_200,low-risk,3,4.75,15.80107,17.05279,1,0,0.02,0.02,0.995,1,2.775853,0.681979
queued_8,adaptive_verifier,eval_155,WAN,1,wan_ad_projcos4,WAN A/D projcos4,t4strict_pair_a_vs_d_40_200,projcos4,upgrade_verifier:t4strict_pair_a_vs_d_40_200,low-risk,3,4.75,17.05279,18.3055,1,0,0.02,0.02,0.995,1,2.775853,0.656944
queued_8,adaptive_verifier,eval_156,WAN,1,wan_ad_projcos4,WAN A/D projcos4,t4strict_pair_a_vs_d_40_200,projcos4,upgrade_verifier:t4strict_pair_a_vs_d_40_200,low-risk,3,4.75,18.3055,19.55425,1,0,0.02,0.02,0.995,1,2.775853,0.63189
queued_8,adaptive_verifier,eval_157,WAN,2,wan_ad_projcos4,WAN A/D projcos4,t4strict_pair_a_vs_d_40_200,projcos4,upgrade_verifier:t4strict_pair_a_vs_d_40_200,low-risk,3,4.75,19.55425,20.82676,1,0,0.02,0.02,0.995,1,2.775853,0.606915
queued_8,adaptive_verifier,eval_158,WAN,2,wan_ad_projcos4,WAN A/D projcos4,t4strict_pair_a_vs_d_40_200,projcos4,upgrade_verifier:t4strict_pair_a_vs_d_40_200,low-risk,3,4.75,20.82676,22.09729,1,0,0.02,0.02,0.995,1,2.775853,0.581465
queued_8,adaptive_verifier,eval_159,WAN,2,wan_ad_projcos4,WAN A/D projcos4,t4strict_pair_a_vs_d_40_200,projcos4,upgrade_verifier:t4strict_pair_a_vs_d_40_200,low-risk,3,4.75,22.09729,23.36584,1,0,0.02,0.02,0.995,1,2.775853,0.556054
queued_8,adaptive_verifier,eval_160,WAN,1,wan_ad_projcos4,WAN A/D projcos4,t4strict_pair_a_vs_d_40_200,projcos4,upgrade_verifier:t4strict_pair_a_vs_d_40_200,low-risk,3,4.75,23.36584,24.61756,1,0,0.02,0.02,0.995,1,2.775853,0.530683
queued_8,adaptive_verifier,eval_161,WAN,2,wan_ad_projcos4,WAN A/D projcos4,t4strict_pair_a_vs_d_40_200,projcos4,upgrade_verifier:t4strict_pair_a_vs_d_40_200,low-risk,3,5.0,24.36756,25.62918,1,0,0.02,0.02,0.995,1,2.775853,0.510649
queued_8,adaptive_verifier,eval_162,WAN,2,wan_ad_projcos4,WAN A/D projcos4,t4strict_pair_a_vs_d_40_200,projcos4,upgrade_verifier:t4strict_pair_a_vs_d_40_200,low-risk,3,5.0,25.62918,26.89278,1,0,0.02,0.02,0.995,1,2.775853,0.485416
queued_8,adaptive_verifier,eval_163,WAN,2,wan_ad_projcos4,WAN A/D projcos4,t4strict_pair_a_vs_d_40_200,projcos4,upgrade_verifier:t4strict_pair_a_vs_d_40_200,low-risk,3,5.0,26.89278,28.1544,0,0,0.02,0.02,0.995,1,2.775853,-0.539856
queued_8,adaptive_verifier,eval_164,WAN,2,wan_ad_projcos4,WAN A/D projcos4,t4strict_pair_a_vs_d_40_200,projcos4,upgrade_verifier:t4strict_pair_a_vs_d_40_200,low-risk,3,5.0,28.1544,29.41602,1,0,0.02,0.02,0.995,1,2.775853,0.434912
queued_8,adaptive_verifier,eval_165,WAN,2,wan_ad_projcos4,WAN A/D projcos4,t4strict_pair_a_vs_d_40_200,projcos4,upgrade_verifier:t4strict_pair_a_vs_d_40_200,low-risk,3,5.0,29.41602,30.67863,1,0,0.02,0.02,0.995,1,2.775853,0.40968
queued_8,adaptive_verifier,eval_166,WAN,1,wan_ad_projcos4,WAN A/D projcos4,t4strict_pair_a_vs_d_40_200,projcos4,upgrade_verifier:t4strict_pair_a_vs_d_40_200,low-risk,3,5.0,30.67863,31.93728,1,0,0.02,0.02,0.995,1,2.775853,0.384427
queued_8,adaptive_verifier,eval_167,WAN,3,wan_ad_projcos4,WAN A/D projcos4,t4strict_pair_a_vs_d_40_200,projcos4,upgrade_verifier:t4strict_pair_a_vs_d_40_200,low-risk,3,5.0,31.93728,33.21969,1,0,0.02,0.02,0.995,1,2.775853,0.359254
queued_8,adaptive_verifier,eval_168,WAN,3,wan_ad_projcos4,WAN A/D projcos4,t4strict_pair_a_vs_d_40_200,projcos4,upgrade_verifier:t4strict_pair_a_vs_d_40_200,low-risk,3,5.0,33.21969,34.50012,1,0,0.02,0.02,0.995,1,2.775853,0.333606
queued_8,adaptive_verifier,eval_169,WAN,3,wan_ad_projcos4,WAN A/D projcos4,t4strict_pair_a_vs_d_40_200,projcos4,upgrade_verifier:t4strict_pair_a_vs_d_40_200,low-risk,3,5.25,34.25012,35.52857,1,0,0.02,0.02,0.995,1,2.775853,0.312998
queued_8,adaptive_verifier,eval_170,WAN,2,wan_ad_projcos4,WAN A/D projcos4,t4strict_pair_a_vs_d_40_200,projcos4,upgrade_verifier:t4strict_pair_a_vs_d_40_200,low-risk,3,5.25,35.52857,36.79019,1,0,0.02,0.02,0.995,1,2.775853,0.287429
queued_8,adaptive_verifier,eval_171,WAN,1,wan_ad_projcos4,WAN A/D projcos4,t4strict_pair_a_vs_d_40_200,projcos4,upgrade_verifier:t4strict_pair_a_vs_d_40_200,low-risk,3,5.25,36.79019,38.04884,1,0,0.02,0.02,0.995,1,2.775853,0.262196
queued_8,adaptive_verifier,eval_172,WAN,2,wan_ad_projcos4,WAN A/D projcos4,t4strict_pair_a_vs_d_40_200,projcos4,upgrade_verifier:t4strict_pair_a_vs_d_40_200,low-risk,3,5.25,38.04884,39.30947,0,0,0.02,0.02,0.995,1,2.775853,-0.762977
queued_8,adaptive_verifier,eval_173,WAN,1,wan_ad_projcos4,WAN A/D projcos4,t4strict_pair_a_vs_d_40_200,projcos4,upgrade_verifier:t4strict_pair_a_vs_d_40_200,low-risk,3,5.25,39.30947,40.56812,1,0,0.02,0.02,0.995,1,2.775853,0.211811
queued_8,adaptive_verifier,eval_174,WAN,1,wan_ad_projcos4,WAN A/D projcos4,t4strict_pair_a_vs_d_40_200,projcos4,upgrade_verifier:t4strict_pair_a_vs_d_40_200,low-risk,3,5.25,40.56812,41.82677,1,0,0.02,0.02,0.995,1,2.775853,0.186638
queued_8,adaptive_verifier,eval_175,WAN,2,wan_ad_projcos4,WAN A/D projcos4,t4strict_pair_a_vs_d_40_200,projcos4,upgrade_verifier:t4strict_pair_a_vs_d_40_200,low-risk,3,5.25,41.82677,43.08641,1,0,0.02,0.02,0.995,1,2.775853,0.161465
queued_8,adaptive_verifier,eval_176,WAN,1,wan_ad_projcos4,WAN A/D projcos4,t4strict_pair_a_vs_d_40_200,projcos4,upgrade_verifier:t4strict_pair_a_vs_d_40_200,low-risk,3,5.25,43.08641,44.34209,1,0,0.02,0.02,0.995,1,2.775853,0.136272
queued_8,adaptive_verifier,eval_177,WAN,3,wan_ad_projcos4,WAN A/D projcos4,t4strict_pair_a_vs_d_40_200,projcos4,upgrade_verifier:t4strict_pair_a_vs_d_40_200,low-risk,3,5.5,44.09209,45.37153,1,0,0.02,0.02,0.995,1,2.775853,0.116158
queued_8,adaptive_verifier,eval_178,WAN,3,wan_ad_projcos4,WAN A/D projcos4,t4strict_pair_a_vs_d_40_200,projcos4,upgrade_verifier:t4strict_pair_a_vs_d_40_200,low-risk,3,5.5,45.37153,46.64899,1,0,0.02,0.02,0.995,1,2.775853,0.090569
queued_8,adaptive_verifier,eval_179,WAN,3,wan_ad_projcos4,WAN A/D projcos4,t4strict_pair_a_vs_d_40_200,projcos4,upgrade_verifier:t4strict_pair_a_vs_d_40_200,low-risk,3,5.5,46.64899,47.92447,1,0,0.02,0.02,0.995,1,2.775853,0.06502
queued_8,adaptive_verifier,eval_180,WAN,1,wan_ad_projcos4,WAN A/D projcos4,t4strict_pair_a_vs_d_40_200,projcos4,upgrade_verifier:t4strict_pair_a_vs_d_40_200,low-risk,3,5.5,47.92447,49.18312,1,0,0.02,0.02,0.995,1,2.775853,0.039511
queued_8,adaptive_verifier,eval_181,WAN,2,wan_ad_projcos4,WAN A/D projcos4,t4strict_pair_a_vs_d_40_200,projcos4,upgrade_verifier:t4strict_pair_a_vs_d_40_200,low-risk,3,5.5,49.18312,50.45068,1,0,0.02,0.02,0.995,1,2.775853,0.014338
queued_8,adaptive_verifier,eval_182,WAN,2,wan_ad_projcos4,WAN A/D projcos4,t4strict_pair_a_vs_d_40_200,projcos4,upgrade_verifier:t4strict_pair_a_vs_d_40_200,low-risk,3,5.5,50.45068,51.72022,1,0,0.02,0.02,0.995,1,2.775853,-0.011014
queued_8,adaptive_verifier,eval_183,WAN,2,wan_ad_projcos4,WAN A/D projcos4,t4strict_pair_a_vs_d_40_200,projcos4,upgrade_verifier:t4strict_pair_a_vs_d_40_200,low-risk,3,5.5,51.72022,52.98778,1,0,0.02,0.02,0.995,1,2.775853,-0.036404
queued_8,adaptive_verifier,eval_184,WAN,2,wan_ad_projcos4,WAN A/D projcos4,t4strict_pair_a_vs_d_40_200,projcos4,upgrade_verifier:t4strict_pair_a_vs_d_40_200,low-risk,3,5.5,52.98778,54.25534,1,0,0.02,0.02,0.995,1,2.775853,-0.061756
queued_8,adaptive_verifier,eval_185,WAN,2,wan_ad_projcos4,WAN A/D projcos4,t4strict_pair_a_vs_d_40_200,projcos4,upgrade_verifier:t4strict_pair_a_vs_d_40_200,low-risk,3,5.75,54.00534,55.27389,1,0,0.02,0.02,0.995,1,2.775853,-0.082107
queued_8,adaptive_verifier,eval_186,WAN,2,wan_ad_projcos4,WAN A/D projcos4,t4strict_pair_a_vs_d_40_200,projcos4,upgrade_verifier:t4strict_pair_a_vs_d_40_200,low-risk,3,5.75,55.27389,56.53848,1,0,0.02,0.02,0.995,1,2.775853,-0.107478
queued_8,adaptive_verifier,eval_187,WAN,3,wan_ad_projcos4,WAN A/D projcos4,t4strict_pair_a_vs_d_40_200,projcos4,upgrade_verifier:t4strict_pair_a_vs_d_40_200,low-risk,3,5.75,56.53848,57.82683,1,0,0.02,0.02,0.995,1,2.775853,-0.13277
queued_8,adaptive_verifier,eval_188,WAN,3,wan_ad_projcos4,WAN A/D projcos4,t4strict_pair_a_vs_d_40_200,projcos4,upgrade_verifier:t4strict_pair_a_vs_d_40_200,low-risk,3,5.75,57.82683,59.1132,1,0,0.02,0.02,0.995,1,2.775853,-0.158537
queued_8,adaptive_verifier,eval_189,WAN,3,wan_ad_projcos4,WAN A/D projcos4,t4strict_pair_a_vs_d_40_200,projcos4,upgrade_verifier:t4strict_pair_a_vs_d_40_200,low-risk,3,5.75,59.1132,60.39759,1,0,0.02,0.02,0.995,1,2.775853,-0.184264
queued_8,adaptive_verifier,eval_190,WAN,2,wan_ad_projcos4,WAN A/D projcos4,t4strict_pair_a_vs_d_40_200,projcos4,upgrade_verifier:t4strict_pair_a_vs_d_40_200,low-risk,3,5.75,60.39759,61.66515,1,0,0.02,0.02,0.995,1,2.775853,-0.209952
queued_8,adaptive_verifier,eval_191,WAN,2,wan_ad_projcos4,WAN A/D projcos4,t4strict_pair_a_vs_d_40_200,projcos4,upgrade_verifier:t4strict_pair_a_vs_d_40_200,low-risk,3,5.75,61.66515,62.93271,1,0,0.02,0.02,0.995,1,2.775853,-0.235303
queued_8,adaptive_verifier,eval_192,WAN,2,wan_ad_projcos4,WAN A/D projcos4,t4strict_pair_a_vs_d_40_200,projcos4,upgrade_verifier:t4strict_pair_a_vs_d_40_200,low-risk,3,5.75,62.93271,64.20225,1,0,0.02,0.02,0.995,1,2.775853,-0.260654
queued_8,adaptive_verifier,eval_193,WAN,2,wan_ad_projcos4,WAN A/D projcos4,t4strict_pair_a_vs_d_40_200,projcos4,upgrade_verifier:t4strict_pair_a_vs_d_40_200,low-risk,3,6.0,63.95225,65.21981,1,0,0.02,0.02,0.995,1,2.775853,-0.281045
queued_8,adaptive_verifier,eval_194,WAN,2,wan_ad_projcos4,WAN A/D projcos4,t4strict_pair_a_vs_d_40_200,projcos4,upgrade_verifier:t4strict_pair_a_vs_d_40_200,low-risk,3,6.0,65.21981,66.48737,1,0,0.02,0.02,0.995,1,2.775853,-0.306396
queued_8,adaptive_verifier,eval_195,WAN,2,wan_ad_projcos4,WAN A/D projcos4,t4strict_pair_a_vs_d_40_200,projcos4,upgrade_verifier:t4strict_pair_a_vs_d_40_200,low-risk,3,6.0,66.48737,67.75592,1,0,0.02,0.02,0.995,1,2.775853,-0.331747
queued_8,adaptive_verifier,eval_196,WAN,2,wan_ad_projcos4,WAN A/D projcos4,t4strict_pair_a_vs_d_40_200,projcos4,upgrade_verifier:t4strict_pair_a_vs_d_40_200,low-risk,3,6.0,67.75592,69.02051,1,0,0.02,0.02,0.995,1,2.775853,-0.357118
queued_8,adaptive_verifier,eval_197,WAN,3,wan_ad_projcos4,WAN A/D projcos4,t4strict_pair_a_vs_d_40_200,projcos4,upgrade_verifier:t4strict_pair_a_vs_d_40_200,low-risk,3,6.0,69.02051,70.30886,1,0,0.02,0.02,0.995,1,2.775853,-0.38241
queued_8,adaptive_verifier,eval_198,WAN,3,wan_ad_projcos4,WAN A/D projcos4,t4strict_pair_a_vs_d_40_200,projcos4,upgrade_verifier:t4strict_pair_a_vs_d_40_200,low-risk,3,6.0,70.30886,71.59523,1,0,0.02,0.02,0.995,1,2.775853,-0.408177
queued_8,adaptive_verifier,eval_199,WAN,3,wan_ad_projcos4,WAN A/D projcos4,t4strict_pair_a_vs_d_40_200,projcos4,upgrade_verifier:t4strict_pair_a_vs_d_40_200,low-risk,3,6.0,71.59523,72.87962,1,0,0.02,0.02,0.995,1,2.775853,-0.433905
queued_8,adaptive_verifier,eval_200,WAN,2,wan_ad_projcos4,WAN A/D projcos4,t4strict_pair_a_vs_d_40_200,projcos4,upgrade_verifier:t4strict_pair_a_vs_d_40_200,low-risk,3,6.0,72.87962,74.14718,1,0,0.02,0.02,0.995,1,2.775853,-0.459592
